## LambdaRank
## Epochs = 100
## No. of features = 40
## No. of hidden layers = 1
## Layer 1: 10 neurons
1 2 3 4 5 6 7 8 9 10 11 12 13 14 15 16 17 18 19 20 21 22 23 24 25 26 27 28 29 30 31 32 33 34 35 36 37 38 39 40
1
10
0 0 -0.06439099574851487 0.05320338794871088 0.07644982807765496 -0.0760822777496014 -0.04661556846862989 -0.028851246258859764 -0.017396622876258174 0.11221376586539542 0.03177725113301678 0.05028368822477875
0 1 -0.023870920104971695 -0.053208554981051905 -0.0958440139974642 0.11147920062681727 -0.09244690728568232 -0.067955772947468 -0.08367585357749249 0.0778971938769541 -0.07837170185021389 0.02855565707338128
0 2 0.019913834336008743 -0.09618718434543509 0.07850340111353166 -0.043281607059165755 -0.0048154406804039995 -0.092965455204727 0.0037162836805592755 0.10300740957076908 0.055622400625580645 0.023457009080124117
0 3 -0.04767182294662485 0.04837082979834658 0.031936988223184935 -0.032777164107453155 0.12327891011924628 -0.12113078589774186 -0.116404641947052 0.11780006870182949 -0.010640029651091561 0.04297821979115108
0 4 -0.07875690112879467 0.010013348688494787 -0.08391479890319348 -0.02943964370507728 -0.0041599731783402635 0.046943426400036264 -0.033233126180098764 0.05474753588948387 -0.04133022750228948 -0.08327408598241527
0 5 0.03232002450968602 -0.09243953558740073 -0.05241308452983868 -0.11657666705091406 -0.0189531804285081 0.0602724155534149 -0.04433724524648503 0.04800546197907974 -0.029208308163556174 -0.0680904953485799
0 6 0.08991270936506789 -0.10782008700586569 0.034073748576257064 -7.221937445941794E-4 -0.025448550435181443 -0.08354016652024336 0.029895669711365227 -0.053937487763916596 0.08116030003817624 0.03951841741348137
0 7 -0.07267328274111999 -0.019071070120283397 -0.001983650044789695 0.0955660803220717 -7.38116184784215E-4 0.04227516157950561 0.02755050512456283 -0.0281738751942663 -0.07276616114283876 -0.06824832520429681
0 8 0.010518470971047461 -0.0914388547250054 -0.06506717834569926 0.008011585745420564 -0.07906020124849159 -0.05544062451566426 -0.08845031867968244 0.10353913197858128 0.01658677663125322 -0.07111544342429651
0 9 -0.01629560226400411 0.07596269788474289 -0.023021231557325512 0.06530814364505365 -0.03877563827027194 0.03750332800273841 -0.051380461595447735 0.0642706386555797 0.008629367810951761 0.09472217491999356
0 10 -0.09176249318879608 0.05299210161657805 -0.003811214438427566 0.09843250605170832 0.06529238495679746 0.0764753083519514 0.01633643138106684 -0.03303905514321594 0.08126235412590127 0.08390638314754878
0 11 0.03574506136320454 -0.04513134300663502 0.06664672554246018 -0.06567865410842946 -0.06201929595802276 -0.05005453899432406 0.0012133656506420967 -0.01387688891201018 -0.03287993766086166 -0.014793661342701237
0 12 0.08728216132012549 0.04571367371672454 0.07954168627521876 -0.0965421303813514 0.09082016569122828 0.07144419631038788 0.02018539791820825 0.030281344553818246 0.08016111712251191 0.09228714748201405
0 13 -0.06816773404464609 0.07707047599066055 0.05443599588859707 0.026575143183135596 -0.06744025890079293 0.06086566147269213 0.027643299846194517 -0.04734128762741634 0.08263669685280253 0.09387643709901737
0 14 -0.06357308435822602 0.02222016498178728 0.0545235202575424 0.06072204052275186 0.060344534035542546 0.04083301769554893 -0.03534030283474814 -0.0796717853071969 0.044946630507162376 -0.05718942291068004
0 15 -0.047696302667988445 0.04200143355838051 -0.023713654255153312 0.008314807288027772 -0.006110045030949255 0.03317674888880237 -0.016607615829907618 -0.019798715012859083 -0.01482761205629283 -0.07206640160872906
0 16 -0.04018728737599085 -0.08577276030055245 0.04125901533429358 0.020914504629429 0.05203660321604135 -0.01895107095587622 -0.06237570523056048 -0.05977679639534695 -0.04303801512191028 -0.05180267424022386
0 17 0.036101015054619566 0.015876612007936268 -0.03350580730237119 0.06855130216852766 -0.05037047140452694 0.05866856589628149 -0.03220642305927727 0.09933899833028903 -0.06601280487877882 0.039519919163620874
0 18 -0.046250607748023954 0.018351022757809192 -0.018426056498754693 0.04961867842780365 0.09796913517267047 0.09040815475766126 0.021208761816059702 0.06586234431036202 -0.06416844691442089 0.024389260153693727
0 19 -0.07561633576946604 0.05596738292859246 -0.022187823811633492 -0.04706722527217099 0.06451636535579211 0.021464345485573057 -0.044385580070227575 -0.0579340061958416 -0.06699255413632907 0.005139031621086647
0 20 -0.08189001946592607 -0.05973774552676856 -0.03384953065780326 0.08212309652688952 0.0602822202522162 -0.011372358644117245 0.04996133184685138 0.045241965883942574 -0.06650796479212814 -0.0959643120632862
0 21 -0.001070302678272128 -0.07206933200359344 0.02349250391125679 0.03873172402381897 0.01780725084245205 -0.07318609207868576 -0.01962125301361084 -0.08757737278938293 -0.05513966083526611 -0.08567089587450027
0 22 -0.07821667194366455 -0.06744040548801422 -0.08537961542606354 0.017213648185133934 0.07131480425596237 0.056932300329208374 0.023488719016313553 0.07930486649274826 -0.09072023630142212 0.09499166905879974
0 23 -0.05687330290675163 0.010121184401214123 -0.006720542907714844 -0.07361812889575958 -0.04981576278805733 -0.00281260022893548 0.022349083796143532 -0.06694196909666061 0.08294550329446793 -0.014365404844284058
0 24 0.09220811241827707 -0.008802027166719711 -0.07674949824778704 -0.04977450109225775 0.002425124013975638 -0.07390354667777772 0.07567311827777903 -0.03858446823724585 -0.1002842999211281 0.07521356131423254
0 25 0.03169134774830522 0.09835077733037757 -0.08267139416118291 0.022040754278292225 0.08056607558024075 -0.03582568240250135 -0.04819079662292812 0.05988660546333285 -0.010483076378794738 -0.04911913886722683
0 26 0.11658075577281717 0.007528052447110337 0.1021598134045651 0.01803548699924204 0.012614806144902405 -0.014586723022600081 -0.053651701584794105 0.05163839973211294 0.018372266043391643 -0.029634330773249673
0 27 0.08068789530530479 0.05620147684313586 -0.0045385399314353675 0.011761553001266453 0.05373290524200866 -0.06245716058329256 -0.10146360454797193 0.01105703512835342 -0.06064147918532282 0.12339743254947998
0 28 0.039154745243005405 -0.020638481623738002 0.08004723651134925 0.12449861896845013 -0.11770225727740047 0.10791006924662151 -0.021160217692777306 0.07171735244701216 0.08511549323870349 -0.07149832785265427
0 29 0.025464031687963067 0.011729578860484124 0.07665441878373755 -0.10807264478169275 -0.025219374576667876 -0.12362399848869605 -0.0841797281786998 0.08381381438964625 0.08887563061843451 -0.010674956998426745
0 30 0.01665844272578903 0.02953351445394666 0.026179008354292724 -0.0661565055854994 -0.027331705249764044 -0.046295698343208125 -0.03865403586154007 -0.06035077345334939 -0.05751986710236129 0.025852064635798023
0 31 -0.05636926419925873 -0.06879138365807314 -0.004073870839246305 0.1139117033738171 -0.06793905405278852 0.06415482249422966 0.05251025007881982 -0.04626190633649345 0.08064339701291132 -0.10086829070083271
0 32 0.03805323808066415 0.06892396409559652 -0.02744553629350122 -0.08694353510464273 0.09910031246087025 -0.06494593460163123 -0.0025151306800169177 0.07110739029175878 0.04550782811420899 -0.015204591116437795
0 33 0.005861780887349954 0.0907508412215158 0.05631100836852927 0.08155009642196252 0.06568115524660158 -0.06136982160086686 -0.02829587510919468 -0.09943891989096341 -0.04676033450915812 -0.015273796513886677
0 34 0.021090232942880215 -0.08745362251308984 -0.0784121494207206 0.06238222363297942 0.04422305945010385 0.11229318853541202 -0.045950456868151086 -0.09657483299515623 0.00283950086839173 -0.046819514701060515
0 35 0.044241208012326776 0.012476815321004265 0.06103970170727758 -0.05269615897931963 -0.0760367326113971 0.03098468110035687 -0.0831126780743714 0.04373045730234374 -0.06583265609757989 0.029402526175835938
0 36 0.04786897619902805 0.04813216699351586 0.07399470011977385 0.05209344030457208 0.07115596510032499 0.010559017584240403 -0.03715270480290799 0.02503413296195144 0.0961195663664079 -0.05711327137624464
0 37 0.027114474234020202 -7.010090952171592E-4 -0.06728337686284022 -0.039884975891506774 0.0072068243095796125 -0.061747416412340494 -0.035260588883394686 0.09243570388277172 -0.03461894472508316 0.04411855499684936
0 38 0.10848403449591812 -0.04310377788755466 1.4197631667700389E-4 0.05936389919979389 0.007182940368407019 0.05044692304187691 0.06038446930513265 -0.017272240453668 -0.013408657289627379 0.008151413913471933
0 39 0.09070486575365067 -0.08219297975301743 0.01990276575088501 0.005632978864014149 0.0717739537358284 -0.09443040192127228 0.04544585943222046 0.04871737211942673 -0.041665662080049515 0.07224689424037933
0 40 -0.08657278056190205 -0.08062701390725407 -0.06245738218310798 -0.08127807123415777 -0.09788178450090727 -0.0036578140859220456 -0.044183292992894856 0.008586858380453503 -0.09538497054118668 -0.01856425767530319 0.05320958048105276
1 0 0.09464199841021292
1 1 -0.03905844688416316
1 2 0.01770980283618533
1 3 -0.08293561637401328
1 4 0.04913233965636967
1 5 -0.08706592023372718
1 6 -0.0460891723632793
1 7 0.07346297800540172
1 8 -0.004754352383315684
1 9 0.05722678452731222
