## ListNet
## Epochs = 1500
## No. of features = 112
1 2 3 4 5 6 7 8 9 10 11 12 13 14 15 16 17 18 19 20 21 22 23 24 25 26 27 28 29 30 31 32 33 34 35 36 37 38 39 40 41 42 43 44 45 46 47 48 49 50 51 52 53 54 55 56 57 58 59 60 61 62 63 64 65 66 67 68 69 70 71 72 73 74 75 76 77 78 79 80 81 82 83 84 85 86 87 88 89 90 91 92 93 94 95 96 97 98 99 100 101 102 103 104 105 106 107 108 109 110 111 112
0
0 0 -0.032293150978950594
0 1 -0.05047380926962877
0 2 0.012246150987812444
0 3 0.032431315705096615
0 4 0.01713529349167212
0 5 0.04607417131304655
0 6 0.1217610320793169
0 7 0.14322964427070015
0 8 0.14190243891993196
0 9 -0.036316033126701584
0 10 0.02135071010193799
0 11 0.11349196236391441
0 12 0.12383557828733596
0 13 0.17240649705666447
0 14 0.09930460081529197
0 15 -0.008447507311664156
0 16 0.01069842973279071
0 17 -0.006290058970704585
0 18 0.09772881257682196
0 19 0.1078734814375948
0 20 -0.05630100266884788
0 21 -0.037667960420441744
0 22 -0.0755326590717348
0 23 -0.09741776811455434
0 24 0.0626822122264696
0 25 -0.08679772672048432
0 26 0.10409536579111574
0 27 -0.07051532054229266
0 28 -0.08667851403044374
0 29 -0.06845416750270159
0 30 -0.0861715637711364
0 31 -0.017482009798064756
0 32 -0.0024067352758146373
0 33 0.0477583687155458
0 34 -0.07818444508575172
0 35 -0.004213656074904393
0 36 0.09219849218598254
0 37 0.08250512734994483
0 38 0.020870149434719543
0 39 0.058202063678107596
0 40 0.005334521587817542
0 41 0.004607440416722623
0 42 -0.024243002757430077
0 43 -0.021196777001023293
0 44 -0.0754394456744194
0 45 0.06090323254466057
0 46 0.04515727236866951
0 47 0.005716162733733654
0 48 0.00420583404315679
0 49 0.00908232220741366
0 50 0.1791001742750994
0 51 0.04294235782587419
0 52 0.12907750154809625
0 53 0.18889334131746516
0 54 0.010808792953607697
0 55 -0.008320735332247082
0 56 0.11856400756513095
0 57 -0.027714966355272583
0 58 -0.016545771881907752
0 59 0.05007598800707812
0 60 -0.05860483460305283
0 61 0.08175207653687872
0 62 -0.03518015734639907
0 63 -0.03187721458436915
0 64 0.08113656750492132
0 65 0.028249320934657818
0 66 -0.02252893505799635
0 67 -0.060096157622056764
0 68 0.04962751137055751
0 69 0.09412722289562225
0 70 -0.08102990686893463
0 71 -0.03390271216630936
0 72 0.11578885500866938
0 73 -0.049808658234059916
0 74 0.009787325061572994
0 75 0.017824250167249776
0 76 -0.002617307571244348
0 77 0.09782028475723557
0 78 0.08806152731706535
0 79 0.06355653015270939
0 80 -0.008982989169278121
0 81 0.10154306280761115
0 82 -0.004241985529630898
0 83 0.014120278765210874
0 84 -0.015074616299849467
0 85 -0.02909027433349205
0 86 0.11441955844130514
0 87 -0.036041485986667766
0 88 -0.0530037420580372
0 89 -0.047046949098246756
0 90 0.005873606270844779
0 91 0.01321568895378183
0 92 0.03090591087592591
0 93 -0.0654643177986145
0 94 0.01371340174227953
0 95 -0.051391907036304474
0 96 0.10636602843396045
0 97 0.10158678669292753
0 98 0.12406239867827917
0 99 0.07294863640200046
0 100 0.031821923114702035
0 101 0.06086375878117409
0 102 0.021158285891255964
0 103 0.006124085281044245
0 104 -0.05399745055330053
0 105 0.01185324199527189
0 106 -0.05295446355539364
0 107 0.03402963064446492
0 108 -0.07723536375154942
0 109 0.030978719101464255
0 110 0.04703469687212953
0 111 0.021828407421708107
0 112 -0.03273014351725578
