## LambdaRank
## Epochs = 100
## No. of features = 112
## No. of hidden layers = 1
## Layer 1: 10 neurons
1 2 3 4 5 6 7 8 9 10 11 12 13 14 15 16 17 18 19 20 21 22 23 24 25 26 27 28 29 30 31 32 33 34 35 36 37 38 39 40 41 42 43 44 45 46 47 48 49 50 51 52 53 54 55 56 57 58 59 60 61 62 63 64 65 66 67 68 69 70 71 72 73 74 75 76 77 78 79 80 81 82 83 84 85 86 87 88 89 90 91 92 93 94 95 96 97 98 99 100 101 102 103 104 105 106 107 108 109 110 111 112
1
10
0 0 -0.03249372954675477 0.05936285401911473 -0.05186484433442028 -0.060281061954769725 0.02522849739248611 -0.03836081612665138 -0.04800006179175555 0.0426856465991463 -0.030949389817424688 -0.09711256567868838
0 1 0.004910021216673101 0.038127403165577944 -0.03402951875978719 -0.008888749175688389 0.034727618759161305 -0.014369070717976494 0.042355107259831236 0.025320205576736577 0.010523572077691404 -0.0434504214233224
0 2 0.055433128167171226 -0.002564520340608731 -0.10148661611315059 0.07909471508851394 0.07494035847835791 0.06036915538803257 0.03237337122128992 -0.08002405638634456 -0.011462356460120138 0.0655761200509249
0 3 0.027363160314406262 -0.04442397238987036 0.06978523131074822 -0.0354038093334253 -0.08476149520980336 0.07784933180581086 0.06386075419702407 -0.08646632902770994 -0.06410168401736041 -0.053816045991450526
0 4 -0.08128540607377602 0.09862505146362881 -0.07758720754257517 0.07637343921661964 0.053162784755188604 0.04715106139708217 -0.07299699077646854 0.04187101640329148 0.0059404696664883 -0.042881691343594895
0 5 0.045318957198392996 0.007423394521272971 0.04921908234374451 -0.018010222295422384 -0.07554956320832343 -0.04314796275921389 0.06367503533529957 -0.020872695723856666 0.02520357691071404 -0.09645416218898788
0 6 0.04867935032515194 -0.0057603626102356986 0.04745260281767798 0.0662494333799271 0.030631299885141836 0.07819675980828529 0.0373559851379599 -0.025746803009655313 -0.006710857606625112 -0.018314389373048936
0 7 -0.054329753725853365 0.01631083167416581 -0.028465121367460964 0.02129870236177798 0.049653890183672195 0.016081101044020447 -0.08398027151305242 -0.07811977789589274 0.01888683249395607 -0.005321696622763734
0 8 -0.01741569081985403 -0.03222696152263795 0.01541046587500332 -0.01516682197746151 -0.09462304306948212 -0.025063380049729068 0.010801258700197616 -0.05096279860228043 0.07442304892261055 -0.016555817236441325
0 9 0.04174286708368655 -0.04911761858388548 -0.001740005820240727 -0.07576464489125069 -0.03928559840945873 0.0489859371468723 -0.0419735597137268 0.06624809928263199 -0.005345579439789366 0.026679075453384715
0 10 -0.09379827267884462 0.07454021637026656 -0.06471972603584941 -0.05923880851484617 0.07139269398334197 -0.01797254259274239 -0.02637265104391676 0.02377535541334033 -0.04743074447568933 -0.07623726816822989
0 11 -0.08969623140904136 0.002368446807709264 -0.04044106880023568 -0.013333146616436803 -0.023554108601439225 0.07522640137196732 0.008412226501927182 0.06593774613991107 -0.007808475184773128 0.0660326557259514
0 12 0.02956500430608727 -0.08340969180088996 -0.09354433118517728 0.04214242018513146 -0.09821765047728118 0.06770027414538185 -0.08670446526215175 -0.05579253504029286 -0.011427850176730018 0.03073442299911413
0 13 0.08194114904554976 -0.04737097630797403 0.07599537921334923 -0.03182545340156058 -0.0658439813946453 -0.059157035727705 0.06461151146375978 0.02482751084243312 0.022019886483172848 0.055191240113862595
0 14 -0.011705907579454989 0.010490557677845166 -0.10640668972352954 0.03293532435092927 0.006545624759040142 0.013038675640439234 -0.04277894916572707 -0.06721550801816005 0.01801572476574042 0.0011309839408970802
0 15 -0.01610400125608636 0.04704823384910766 -0.05260095923282283 0.07917977540085754 0.07919175407229478 0.030935910709212564 -0.0766888862017687 0.08221693336059031 -0.08714011313534784 0.013360622929814677
0 16 0.09567392594814783 -0.005798806608714236 -0.0388881533762269 0.019653319140555254 0.001578650840346493 0.023761113347792046 0.02484638768419847 -0.10780156650445215 -0.07691151103004991 0.07973378444796647
0 17 -0.07536909995953235 0.043062552077600104 0.09611372818910165 -0.0931913105777087 0.08255377326175069 -0.09243357088331548 0.0933693700086584 9.207934933856824E-5 0.007632977534416105 0.07426494997462495
0 18 -0.09710167770474863 0.08392062205788935 -0.0052458011184964215 0.04159524909761024 -0.015178666557149691 -0.036695241482452595 0.014146022329121696 -0.05213853739806604 -0.05379540128643563 -0.039739490936684274
0 19 0.007906455705247 -0.06646035927622689 0.05301068479943417 0.0967123792144489 0.06943492584334993 -0.0407805279415253 -0.0315638281487936 0.06512197577884081 0.01758798633488224 3.505196202347384E-4
0 20 0.03844727912887519 -0.0035142954655119655 -0.002413352546767208 0.07279297308404899 -0.01571370786472205 0.07695663687644617 0.058288037779074514 -0.0974980215259459 0.0678012761381576 0.07484519099072802
0 21 0.028353503223144092 0.029076964735048158 -0.08631867565709704 0.05144142089314868 0.03195279369407011 0.008912042950760103 -0.01233794126879898 0.08418530688621782 0.004873802003800336 0.08122983776071421
0 22 -0.04967661569620004 -0.029953619795513035 -0.0706992191207531 0.0670747706976473 -0.05435446817661223 0.0020886649039676274 -0.00592013280044381 -0.09103257015597797 1.3166830651291652E-4 -0.0068934364107076235
0 23 7.761819807514094E-4 -0.07682654948178158 -0.02797248265775972 -0.004198848038463743 -0.09929789226962919 -0.06618184755038316 0.04697572915255157 0.014267094677509631 -0.027789637255967874 -0.07860933389003162
0 24 0.01652768947103443 0.005265718107318775 -0.03619027001186109 -0.04903850706808282 0.09489370412376034 0.07346592482905301 0.04377218511115913 0.09759907629218034 -0.04286793152381148 0.07611648897204
0 25 0.032945170187108457 -0.08510325923366452 -0.02981310402250233 -0.033121183038130386 -0.04186556915470341 0.022120668380014974 0.04699307193846051 0.004317381716385271 -8.707468480477587E-4 0.059167401565523095
0 26 -0.026929575839130745 0.012423883283780657 0.01763751302712129 0.049614857450990174 0.005207480470058184 -0.06623992047478464 0.09195066217926379 -0.06024470503224748 -0.07409520440314364 -0.06057097381897844
0 27 0.019272471813535766 -0.05446457294456528 0.09004604247278303 0.011983334879809463 -0.06804011706162486 0.08167702906012282 0.04670542954059102 0.04817968165623341 -0.06369067498407023 0.022498991065886115
0 28 -0.06437370950687354 0.0865882035279328 -0.079305386842842 -0.017223343705263742 -0.019110272444900236 -0.07723729544758023 -3.6705487813717367E-4 0.07129789649701215 0.07822833404346143 -0.08414751458247226
0 29 -0.07109547485855187 0.07818854195214353 -0.09637543813772821 -0.036104870935523496 -0.07175608049623873 -0.010552213962171998 0.03452687178255446 -0.03583547850833263 0.09618891761228833 -0.02712277258753025
0 30 0.03644116527871943 0.09087010875249406 0.03472304897711416 0.06552643222414799 0.09273942893337611 0.01344791214856852 0.0590978205931681 -0.013964084101344379 0.069521209666315 -0.0556269104016156
0 31 -0.018532318631879475 -0.03782752247928255 0.0609325896702692 -0.05065584584069639 -0.04642711614081583 0.054847353499427896 0.043557530091456555 -0.08863389416145227 0.04446004485541347 0.08863978783308672
0 32 0.08591249666312593 -0.08693963429583133 -0.012963267748536978 0.09188817898966721 -0.05590920878471443 -0.004673012458081807 0.026059331824815877 -0.05277673563860235 -0.03986913802757149 -0.0056133469035640265
0 33 0.02349788038355222 -0.03222332663682357 -0.03872079569690473 0.018146181258937563 0.03398806886411188 -0.03484343231862829 -0.0663211113494687 0.005133506346128839 0.07277042501969662 0.03889338129718489
0 34 -0.023414676335634363 -0.030640539966061493 -0.08714206018483735 -0.044662677879636 0.03599834986986019 -0.02592333449481243 0.03554211883427792 0.02794190117671934 0.09372056445666098 0.042716289940355034
0 35 -3.975306116263331E-4 -0.060414131960477624 0.014656182067057141 -0.039383645173388396 -0.018246988106638242 0.008516182589462306 0.09364512779985398 0.05889832298079943 0.016625640694963254 -0.039786404537640624
0 36 -0.058205485190996956 0.04657728943848333 -0.009346299764060989 -0.043290910332532545 -0.07038919852636681 -0.001999661216724537 -0.08351334938257918 -0.010567987540078455 -0.07516457237396404 0.06564615366328533
0 37 0.06044964922506137 0.04313260277892764 0.05291825756052791 -0.060323064801421564 0.07066117830191247 0.017289884612463367 -0.02989952798651744 -0.08502693241433221 0.031032328550286963 -0.00177631294063025
0 38 0.09691454842502954 0.044896178865023235 0.018834063343864837 0.09246366359937089 -0.07310363377062644 -0.02878550545585479 -0.09183994981399216 -0.04805596787111773 0.055825775379991706 0.012138643744523264
0 39 0.08668039595583206 -0.09859239048293078 -0.018955843854576365 0.058917266253792226 0.06473181004592411 -0.06869975183174423 0.05373214864839977 0.0877266708310707 -0.026105555285719652 -0.04284373081763604
0 40 0.01463212288544433 0.09017079601098389 0.04115395783044674 0.023469728667217363 0.06519449984632911 -0.004628029715994009 0.09423303868298222 0.06277005475672384 -0.06392611972223422 -0.02203319985949356
0 41 -0.01194430799619298 0.06438266345600359 0.03433832436726105 0.027209732859539586 0.004050130421503871 -0.05045066425785164 -0.0056444523233877275 0.09797005368850474 0.09400689108040305 0.017521100507200113
0 42 0.08604755997657776 0.03487474471330643 0.04816745966672897 -0.035874150693416595 0.05389435216784477 -0.042928121984004974 0.04807766154408455 0.008790922351181507 0.011845046654343605 0.07940305769443512
0 43 0.06552591174840927 0.07553845643997192 0.05362971872091293 -0.04721331596374512 0.01130688190460205 0.026248913258314133 -0.03320049121975899 -0.04705756902694702 0.028709035366773605 0.09989070147275925
0 44 -0.010725831612944603 0.09603354334831238 0.09401164203882217 -0.05264635756611824 0.07342059165239334 0.0833444893360138 0.06797260791063309 -0.016698498278856277 -0.0938001349568367 -0.06145308166742325
0 45 -0.014655351638793945 0.01755426451563835 0.09312305599451065 -0.0644947960972786 0.06693120300769806 0.08180835098028183 0.023587297648191452 -0.00484505295753479 0.0716073289513588 -0.04663913697004318
0 46 0.06927075237035751 0.023441249504685402 -0.09136804193258286 0.07735200971364975 0.09285777062177658 0.059792883694171906 -0.07558117061853409 -0.009928524494171143 -0.022869164124131203 -0.06357011944055557
0 47 0.03750890493392944 0.06180950254201889 -0.08441370725631714 -0.09124299883842468 0.09157627820968628 0.09603480994701385 0.02540530636906624 0.018450647592544556 0.011088347062468529 -0.08138196915388107
0 48 -0.08992441788000134 0.03893087482957794 0.07504039895669717 0.07841898313135402 0.04680666453677177 0.021088677450601508 0.09146645966522378 0.07432860915764845 0.064609112685697 0.08427930236717653
0 49 0.014034845090754344 0.03762991846058705 0.0823701456068948 -0.014162014621183463 -0.008318350955674451 -0.10954894743205325 0.07060664174042282 0.029445643716388727 -0.0177025961995238 -0.03189040389071672
0 50 -0.032143913002444714 -0.005923278284379576 0.03457189837356451 0.0027506125603935345 -0.07275771609665353 0.03227823674328728 -0.02558131048148954 -0.12078393178835635 0.0473885682082396 0.021634625851333876
0 51 0.010569047038163557 -0.07116827798572078 9.494281510489507E-4 0.10930113588447332 -0.08341514230837506 0.013696068373481826 0.08265756827473546 0.09145176386205218 0.081335789561032 0.07372157056318662
0 52 0.012946868499217295 -0.10002333199101436 -0.01224923368980365 0.0018773519313712733 -0.019814919851271942 -0.03497770113094076 0.06593916645426147 0.10966451692415004 0.07270289190054254 -0.0750646038213817
0 53 0.0073061291378615735 0.12019327851265775 -0.07547370397475656 -0.05029676931895155 -0.09086193877774484 0.13790801112908432 -0.08887565980805363 -0.13121259823481107 0.07845781277951805 -0.0970870348457479
0 54 -0.07104866880055938 0.00498481486995723 0.02902017446630952 -0.08535985331792063 -0.039494123732457836 -0.07671873387648312 -0.04467970919082774 0.09354683962610588 0.08108377600132018 0.08718680130648417
0 55 -0.03206563675393814 0.016660786279808538 -0.06921538617831739 0.06903830056980413 -0.003714215125350799 -0.002784647342995724 -0.11148363149909057 -0.048521939402769894 0.06948275763274576 0.008948631371593775
0 56 0.02803624462776841 -0.037724387592635474 -0.06064211195067691 -0.18908194600922307 -0.10625421731520822 0.04051187014086086 -0.18035565103554474 -0.017900336976282207 0.078974926601138 0.031111210760029345
0 57 0.04953683490662855 0.0076190203424459 0.08679500449325883 0.07136599592478324 0.0029039882449795923 -0.0647162939621487 0.07832620275946456 -0.09776422404366955 0.021442897338366854 0.08457575600302873
0 58 -0.04246169778487977 -0.009084332168983312 0.02042549232769597 0.05024233689635004 -0.08146821714533187 -0.00500014722870808 0.07986533789997426 0.05786322528053985 0.06538493049117818 -0.05730578640740513
0 59 0.06763562897190245 0.05161823656109016 -0.008846195592098744 -0.017430324392734942 -0.014337895758888037 -0.021591782897149872 -0.05248808115508384 -0.04839966769295165 0.08016474722895121 0.0018734535127933414
0 60 -0.08566414747249683 -7.905006103569092E-4 -0.06748965232370105 0.03002490852589009 0.07187767803545368 -0.01573545713676376 0.001917412524685096 -0.058644515551908576 -0.06449365723474083 0.015030659951328938
0 61 -0.0635274630710308 -0.08676604667589771 -0.008648584833562293 0.028760286859381715 -0.048971288251268716 0.032595747536046396 -0.0338687819182564 0.055676782356807154 0.02392235094802737 0.07317865230429899
0 62 0.07830723505713223 -0.08658704132575018 -0.07313010566773728 -0.014451987507578314 0.015622418832594593 -0.027229483538704007 -0.06681802431857214 -0.04809998411855042 0.10104341630286837 -0.08032578477689209
0 63 0.017706118552284687 0.08234396579355838 0.015407438036770861 -0.026877888880792844 0.04928994472326045 0.09225374360932123 -0.00987955290422571 0.0832041928427004 0.022643315146379354 -0.06651645187117614
0 64 -0.08699989269148044 0.07512921673373232 -0.09065150983231578 -0.07313969707288595 0.05379860702479656 0.08585655931148069 0.018397385826552502 0.03805196162931257 0.015002030928017308 0.07494794434010389
0 65 0.08896759306784671 0.06218904807866428 -0.08476275484656651 0.05489661652886237 -0.0273928808573524 -0.0034033492604437607 0.05444811114283439 -0.01840306945561968 6.302268396235735E-4 0.04766033840409419
0 66 -0.04076439127713398 -0.02646412073589035 -0.03770455376359438 0.08009371637313852 0.04428340630746278 0.006924801626856507 -0.03113884786207928 -0.06501990533759032 -0.04018938313776996 0.07920918192423726
0 67 0.07142359083758137 0.023268898450960293 -0.070102639005747 0.058338790146524176 -0.05614962691929938 0.0527332679246169 -0.05050980581033317 -0.08677243156649986 -0.0522514561251943 0.030819931845749816
0 68 -0.0745966552679233 -0.0038285542761399044 -0.075157714285018 -0.09168814007520262 0.00587906560252915 -0.0843560505158581 -0.06853233468916882 0.020523298475370592 0.008517217695689574 0.059070140298393484
0 69 -0.0023266554344445467 0.09781136363744736 -0.0668044313788414 -0.041721951216459274 -0.09702382981777191 -0.07967699319124222 -0.012520062737166882 -0.059589970856904984 -0.015777725726366043 -0.09358438849449158
0 70 -0.027102869004011154 0.010580366477370262 0.07620157301425934 0.07866232097148895 0.08209628611803055 -0.044395554810762405 -0.07382597029209137 -0.007956492714583874 0.07649119198322296 -0.03926842287182808
0 71 -0.04860837012529373 0.0800609365105629 -0.028229970484972 -0.003979891538619995 -0.05548211187124252 -0.07595913112163544 0.04949398711323738 -0.06273292005062103 0.047383010387420654 -0.0686388611793518
0 72 0.06183863175093407 0.0672184110329509 0.016291438807052805 0.08632601715294871 0.09436101989580174 -0.06319696869246698 -0.04210940167302893 -0.03215710002260724 0.038563493406515256 -0.04582222973028374
0 73 -0.005885769627975921 -0.006548010799970916 0.0735229083046734 0.012066246350958107 -2.435064608097782E-5 0.07869604544865107 0.04077830060507643 7.019756638973848E-4 0.05474499554687045 0.07580303737367738
0 74 0.08452068953474835 0.06960465459886063 -0.04147388292174653 0.05100099940149285 -0.03662467090538603 -0.04233223325187555 0.07616285710653238 -0.10660576037617635 0.009550804090020258 0.06306424018486022
0 75 0.08396165390288586 -0.015003113782919695 -0.0482442229023703 -0.056980417177907444 0.014658111342754236 -0.025582113067518817 0.008765151548369179 -0.07484164813174557 -0.08694000098536808 0.08788269568204962
0 76 -0.06687771084700854 0.039155832056759335 -0.0945755621634541 0.05375736528792027 -0.07113306944299326 0.030326335066003424 -0.028798806302633137 -0.08432774494111255 0.06559496515494874 -0.0298177347004422
0 77 -0.004969706409233018 0.08326221585702472 0.08164714451539838 -0.011369005155798166 0.015714842547566422 0.10671662483267783 -0.0774490490246279 0.006853185274277543 0.09085740590157919 -0.09674233985879098
0 78 0.09493553631464559 0.010510704481598385 -0.0300455020647045 0.050840509794907056 0.025787087851312413 -0.003916335282744494 -0.07740545725971258 -0.04185713586676642 -0.025285862893793188 -0.005039730820672693
0 79 -0.05608575170925611 -0.012707322934620416 0.06146853217837037 -0.06617750316171939 0.01196907800693348 0.006664426137350783 0.03779212493955301 -0.08319267786950076 0.02199129700074925 0.0031545373197449057
0 80 0.09868902596654709 0.09335357837743383 -0.009850864148852945 -0.10639498889159481 -0.10453312469967563 0.07471053043702176 -0.11230889133529108 -0.022812051625583453 0.11080468891163638 0.04606067019170608
0 81 0.03452523748188299 -0.08046322148325598 -0.07714690785977996 0.006404988594175361 -0.03559515915340335 0.03243251561979846 -2.531128069233969E-4 -0.056976549556936734 0.014976830873578609 0.07742149244702516
0 82 -0.04045063707015809 0.06534444224745857 0.09241439531374085 -0.02180334696443127 0.050100378621693246 -0.07486018394644693 0.010721672876820673 -0.09938555485079405 -0.030927106246628304 0.06340586801726625
0 83 -0.014467131297824799 -0.029122190880252762 -0.08139981002928047 0.025322853246021487 0.005972292458182641 -0.0408630544657752 0.04262499382814956 -0.003944292126829482 0.0016581254476663258 -0.057505070218124406
0 84 -0.09478233191978534 -0.020353234202824675 -0.08315065352914539 -0.0884810015130567 -0.09557532787446606 -0.05562852550996795 -0.09597781182113156 0.05531323971571151 -0.03066144246202339 0.08090478017186878
0 85 -0.0717166308983987 -0.08067147919819462 0.00567287928032984 -0.011952980541482054 -0.030936416583650355 0.04426032436452616 0.044080168312818885 -0.08419598839967736 -0.07065497455996533 0.047411772984144805
0 86 0.0961697766051217 0.03572882402529993 0.069011909385582 -0.07923155007355594 0.048533398553517106 -0.08187530787590325 0.005590971049973427 0.005667697748521659 -0.016370525581223292 -0.052091989466189495
0 87 -0.024878646514853067 -0.024360260236547412 0.005357010533473894 -0.0926027181520681 -0.004188371898120694 0.08674534966992899 -0.03548670663008789 0.055182563451909264 0.09169638905968927 0.019245506042587276
0 88 0.07105264379705413 0.015651885305208366 0.006323344004795769 -0.026387253484639463 0.00876079578007926 -0.009878382519737928 0.020452114333826737 0.08301963761350638 -0.10121459474615063 0.029237081896620935
0 89 0.07489309272063416 -0.025658461026010132 0.08079838216600085 -0.023124731703432603 0.019608985665668564 0.04730170788966914 0.05347563663599835 -0.09951111981742534 0.027869528792825903 -0.04930441543033325
0 90 0.05898808941064761 0.008125773513149918 0.057428791725775245 -0.03782135236611626 0.06502607513037319 -0.09768380940634779 -0.06605230071003482 -0.023275397698195473 0.06598167557825696 -0.051679135899519536
0 91 -0.04013251995618629 -0.018021864905296548 0.032506134277721546 0.04632945425147887 -0.05600604522674839 0.05883418880880541 0.03887808841648192 0.02674259454114542 -0.07395886934627595 0.02214983502121437
0 92 0.04573105420864176 -0.05697294212916903 -0.020613465692456576 -0.08490754093850438 0.03546804869481518 -0.029045683265147663 0.032968874405347307 -0.08206885478067817 -0.09222472476838689 0.08466398651817189
0 93 0.05935131385922432 -0.07124410569667816 -0.07832849770784378 9.87106584943831E-4 0.06163075566291809 -0.0034619688522070646 0.018162637948989868 0.04202398657798767 0.002966070082038641 -0.05433891341090202
0 94 0.08311949670314789 -0.01710234209895134 -0.08816395699977875 -0.021896611899137497 -0.06385457515716553 -0.010363221168518066 -0.07368509471416473 0.071134053170681 0.009425396099686623 -0.05345369502902031
0 95 0.05533702298998833 -0.07940767705440521 0.05908910185098648 0.00972943939268589 0.061801016330718994 -0.029186677187681198 0.029013752937316895 -0.0037526667583733797 -0.06047775596380234 -0.03066953457891941
0 96 0.08428625099642449 0.06299335346773073 0.04810363564760358 -0.004960622043451277 -0.0936866079337939 0.09367608593447978 -0.024891249919292126 0.009432040880048075 -0.01843141180151352 -0.06423771579210974
0 97 -0.01878792898203904 -0.055855308378874924 -0.05630358086808678 -0.0055638490215203515 -0.052686015220446414 0.021602052423581233 0.035894152056583924 0.0033574827193217217 0.03819641609310609 -0.026955349346831414
0 98 -0.04816186519021164 0.019617836152699415 -0.08689936844727882 0.02367857154104445 0.04571872046932351 -0.019857918852225258 -0.10578536440940228 -0.015648568670674722 0.039037077939722546 0.030312510711871077
0 99 0.09786265805734602 -0.03564553294709957 0.08939510742681153 -0.0391244450055549 -0.09996639445907707 -0.0243728526647878 0.001988204194463146 0.06597964204604977 0.025786187449040522 -0.07017978855002903
0 100 0.02991360317267203 0.02487431352570558 -0.05170828811082329 -0.06254330599480738 -0.0717030623858441 -0.019486154578630944 0.01073778123542274 -0.09526668604669666 0.018002203420154548 0.07285299029811067
0 101 -0.07467209628688853 0.0014860159366048462 0.029320552286500715 -0.05087571144755191 -0.07067603907058603 0.05884348751035648 0.004299566566943031 -0.052583531775060914 -0.04158820748906758 0.07859849610566709
0 102 -0.05826120488660917 -0.08279814437438941 0.00839696470696779 0.034658442407289755 0.013789160226488247 0.04688411022879968 -0.04462182183377275 -0.02103589118562518 0.05524635021158092 0.09061810493495802
0 103 0.07945990562438965 -0.08955027908086777 -0.04058269411325455 -0.08754206448793411 -0.029999906197190285 0.09510790556669235 0.09526501595973969 0.08710505068302155 -0.050532110035419464 0.04680834338068962
0 104 -0.07329280782546954 0.04205511456817006 -0.0506374124541825 0.042064119858928495 -0.024854586376259973 -0.02405951193330895 -0.04316295484986657 0.01084780311834305 0.08531861878851661 -0.048293713147979304
0 105 -0.06319289370694472 -0.05344017945456489 -0.0606136295452332 -0.055141861421230676 -0.060227894383740654 0.005046188966739852 0.005123383502740949 -0.10201676579103801 -0.0388463212251377 -0.04214247311878908
0 106 -0.012752001344934608 -0.07917967341031748 -0.10129330632709732 -0.020668104402210535 -0.039740948923648295 -0.05881886671843352 -0.06316541238531825 -0.04849318954350299 0.04146158729990715 -0.08656236427939366
0 107 -0.07563978221541892 -0.04346959338224798 0.029902293453419323 -0.06484814213335034 0.044403772056338046 -0.09203824137280796 -0.01717514318274107 -0.011425883785015224 -0.009896053824760673 -0.009921737497100874
0 108 0.0218977555385898 -0.026271747511453447 0.013057973951330086 -0.09841582796186844 -0.05315802994155702 -0.014697375742645583 -0.04401539405498812 0.005249141662680481 0.034854372819087015 0.09830526356234814
0 109 0.03746967236008773 -0.031345588665512084 -0.0037188194428431505 -0.008672995840692109 0.0991272652836924 0.08431296426279497 0.08706879568622493 0.05333162277806724 -0.01960433448706725 0.04308302943801726
0 110 -0.0870851674035384 0.0992206143521719 0.07650060358472391 -0.02441328293138124 0.006487862323874566 0.02687559370790505 -0.08869072145845433 0.02366888097471171 -0.08110169161465283 0.03412164247215559
0 111 0.04631301760673523 -0.07674611359834671 -0.028405845165252686 0.020124703645706177 -0.07204150408506393 0.004327320959419012 0.0644620731472969 -0.007419532630592585 0.09607133269309998 -0.0059258402325212955
0 112 -0.00845480023225177 -0.08826790474720635 -0.05850027758904408 -0.05496013967894884 -0.05126825029221561 0.012139348958363615 0.04065778039971071 0.05231392801431796 -0.050001186785137694 0.07008028057727393 0.05766339972615341
1 0 -0.02615496516227408
1 1 -0.031323082745075226
1 2 0.02986646257340562
1 3 0.04674124717712133
1 4 0.019747162237762406
1 5 -0.053952325135476875
1 6 0.05670595914125376
1 7 0.05711459368467226
1 8 -0.03619282692670773
1 9 0.01517080049961943
