## ListNet
## Epochs = 1500
## No. of features = 112
1 2 3 4 5 6 7 8 9 10 11 12 13 14 15 16 17 18 19 20 21 22 23 24 25 26 27 28 29 30 31 32 33 34 35 36 37 38 39 40 41 42 43 44 45 46 47 48 49 50 51 52 53 54 55 56 57 58 59 60 61 62 63 64 65 66 67 68 69 70 71 72 73 74 75 76 77 78 79 80 81 82 83 84 85 86 87 88 89 90 91 92 93 94 95 96 97 98 99 100 101 102 103 104 105 106 107 108 109 110 111 112
0
0 0 0.01691136610644222
0 1 0.09497324977126158
0 2 0.10527032603666943
0 3 0.10098035176956191
0 4 -0.062156282605243536
0 5 -0.07388257490363419
0 6 0.03452562948041682
0 7 0.0956763223718084
0 8 0.08619108746169128
0 9 0.08322976184455137
0 10 0.017642422087545396
0 11 0.06451588588704739
0 12 0.004210675100667346
0 13 0.14316845145167703
0 14 0.09671715105795119
0 15 -0.005130082262261306
0 16 0.04318186723459542
0 17 0.0535577600324037
0 18 0.0786863952177285
0 19 0.0241996318563218
0 20 0.0966579756065761
0 21 0.08913292212778129
0 22 0.04306145653534944
0 23 -0.08219440210417067
0 24 0.09226376704732324
0 25 -0.015502754470933975
0 26 0.09509384228618727
0 27 0.014421275878820668
0 28 0.031216074258769603
0 29 -0.03799392578922504
0 30 -0.03147142802801576
0 31 0.011117206058760716
0 32 -0.005714704230499423
0 33 0.055836330320294315
0 34 0.0952030022314645
0 35 0.04640380884246809
0 36 0.08226723843265775
0 37 0.07450421196937582
0 38 0.07474677645207702
0 39 0.08302220937760857
0 40 0.08479729325652063
0 41 0.07252266219864717
0 42 -0.02924744412302971
0 43 0.04858746379613876
0 44 -0.006500214338302612
0 45 -0.040181875228881836
0 46 0.07728199660778046
0 47 -0.08512656390666962
0 48 -0.0486760512395652
0 49 0.05746124467285767
0 50 -0.010613500297956
0 51 0.12658081288171003
0 52 0.018465828115450098
0 53 0.1299621451012718
0 54 0.12529699813087364
0 55 0.09080187199111085
0 56 0.035426113965745756
0 57 0.09354996078188407
0 58 0.09098631036424568
0 59 0.014054611937099106
0 60 0.020818125441503264
0 61 0.032218028064032594
0 62 -0.02793672161319598
0 63 0.0792189180455139
0 64 0.06315053767803468
0 65 -0.03117240006610184
0 66 0.02562215112554397
0 67 0.04140507537141584
0 68 0.050222252922194205
0 69 0.07924778759479523
0 70 0.04633738845586777
0 71 -0.06564407050609589
0 72 -0.07741757797234702
0 73 0.017145703974470686
0 74 0.02864237188342796
0 75 0.08432751460194148
0 76 0.011153717225681441
0 77 0.1135143991543508
0 78 0.011073029562270654
0 79 0.07331873733870968
0 80 -0.05359588377753974
0 81 0.0722140013473748
0 82 0.08567140144252708
0 83 -0.0035389504541060274
0 84 0.06745653597993835
0 85 -0.02046070600006954
0 86 -0.03207456434714229
0 87 -0.07968638837882923
0 88 -4.3991330642197357E-4
0 89 0.1141783738875005
0 90 0.10403956750234307
0 91 -0.04668972998190695
0 92 0.02788656817293161
0 93 -0.05313212797045708
0 94 -0.020749609917402267
0 95 0.0740862786769867
0 96 0.057115409625918975
0 97 0.11249490118145518
0 98 -0.02028920554741376
0 99 0.03112181119300106
0 100 -0.07967477125437812
0 101 -0.05363170736011553
0 102 -0.06393979056765214
0 103 0.06901945918798447
0 104 0.10641221180718473
0 105 0.056795960643256836
0 106 0.05039287439941662
0 107 0.034625793103315594
0 108 -0.001941327022395529
0 109 -0.02898821864511308
0 110 -0.01210614069225926
0 111 -0.03289038687944412
0 112 -0.026269620284438133
