## RankNet
## Epochs = 100
## No. of features = 112
## No. of hidden layers = 1
## Layer 1: 10 neurons
1 2 3 4 5 6 7 8 9 10 11 12 13 14 15 16 17 18 19 20 21 22 23 24 25 26 27 28 29 30 31 32 33 34 35 36 37 38 39 40 41 42 43 44 45 46 47 48 49 50 51 52 53 54 55 56 57 58 59 60 61 62 63 64 65 66 67 68 69 70 71 72 73 74 75 76 77 78 79 80 81 82 83 84 85 86 87 88 89 90 91 92 93 94 95 96 97 98 99 100 101 102 103 104 105 106 107 108 109 110 111 112
1
10
0 0 0.9133854345221382 1.1409744833741144 1.0253922636446393 0.9020447848003424 -1.6879129831484923 -1.9046795685623141 -1.8320604900842452 0.8052472984048589 1.142717418487125 -2.714264116828176
0 1 1.5112535667337126 2.0618350242347 1.8239909583499954 1.468711632090111 -2.8208075073456613 -3.310078440304596 -3.1655755542544286 1.3798200117737176 2.1778967643443887 -4.6898328006848145
0 2 1.3558796280106247 1.7261300416558776 1.5430569624195902 1.331042352764218 -2.3061075114359686 -2.7257770926541167 -2.698207297168366 1.093997673060443 1.6670294288787553 -3.8448596651988525
0 3 0.4972071745444005 0.6969401464465568 0.6441130856062471 0.625272741377736 -1.06203603827266 -1.1516070179696578 -1.1347730654592934 0.52701068461769 0.7575683300157764 -1.6400810736590121
0 4 1.1187473668479846 1.4314308513815572 1.4552998311157794 1.2138697503636293 -1.9754927363037522 -2.5848004665852202 -2.4498666016941786 1.0051419086716906 1.5859592077979239 -3.4277253216286416
0 5 0.47350425078778896 0.7828874167036967 0.5975460545968988 0.5604959718163263 -1.005787698129891 -1.1068735881171514 -1.1081262406984713 0.4832561287325589 0.764783158946851 -1.6017254049004226
0 6 2.180572749330585 2.6890051198620495 2.591817608493839 2.1330250211642476 -3.747258347013105 -4.568612307628791 -4.340248468079231 1.989176189621962 2.9024953621270404 -6.407894931341208
0 7 3.3277490450486638 4.581649500614063 4.203428056861801 3.3353624992138315 -6.136572263296734 -7.454353648350554 -7.200209153382468 2.960179218431308 4.686439334011344 -10.382521147039723
0 8 3.2612617464403963 4.25698018853276 4.014209087624057 3.1680631077260735 -5.758803969820519 -7.033460873229772 -6.686376037725623 2.955877453677777 4.285446277150821 -9.525737316730673
0 9 1.1179134871592886 1.3909071349852957 1.2878830757803146 1.1052139073789615 -2.02152981854056 -2.4409754021773815 -2.3879281225741495 0.967361722246647 1.549393077720273 -3.406822376179262
0 10 2.9707663158522926 3.893669389935474 3.5554759235185216 2.911250576780323 -5.169555778664922 -6.526576180735635 -6.134008285177525 2.615414244849788 3.974548612056285 -8.672218991430965
0 11 1.1620607897430744 1.584471539244346 1.3133247076126575 1.1344042732960782 -2.1182637244268347 -2.5935810837379925 -2.34775806032248 1.109453410151668 1.439204274420284 -3.4104723193742936
0 12 2.1069885543507927 2.7067671375362914 2.528212790209967 2.0483299819622984 -3.8138880206397574 -4.56963004894474 -4.447356508135616 1.8445205284109254 2.812673835164573 -6.5144601531739985
0 13 3.673688787757243 5.223962432337432 4.796723251873303 3.877187918613757 -7.013351659648664 -8.630504766268746 -8.344727090835732 3.4480143322495795 5.232061453810275 -12.126217752336904
0 14 3.298254303207639 4.602356186516307 4.221205560432688 3.4043099954064133 -6.156551986597077 -7.599998092022851 -7.272118254084892 3.095158777875573 4.672123592632119 -10.542528651124977
0 15 0.9700544346342771 1.5012013058521891 1.3592681287213875 1.176113198317285 -2.0345015259888726 -2.572812150634652 -2.359104594380153 1.0121346812125713 1.5118747447504304 -3.606394303603213
0 16 2.956748813195593 4.052398329081385 3.8586424413665457 3.050146825645633 -5.5264326320816926 -6.793084305939342 -6.566139953584545 2.7773605706551794 4.238031134376113 -9.445773777956953
0 17 0.9748422342998644 1.4534713350246258 1.3304029104055606 1.1983632122472054 -2.11079248828582 -2.4826926536578013 -2.3800141814681894 0.9862491372559193 1.5951699309099405 -3.620242249959323
0 18 0.6511321078607097 0.9004747743656275 0.7244832159529544 0.5911968017072725 -1.229206497988911 -1.4718230143601498 -1.245276087271157 0.6904536097053519 0.8458296276942292 -1.9146993444116296
0 19 1.286097523296639 1.4995875467504314 1.4357607890878596 1.1677688643389084 -2.1049725709966114 -2.6257185731786534 -2.5034675812156797 1.1713386717546297 1.6995502199701469 -3.45036434664565
0 20 1.2553275928832326 1.573439039173113 1.5380772110188354 1.2820204149534498 -2.1835586780015257 -2.6134341326705055 -2.557170453566952 1.0820690029474664 1.6606676158224436 -3.6372313114698533
0 21 -0.06566167266396035 -0.03950317335679728 0.04214659454413588 0.05017367840536621 -0.05247922190250772 -0.0607916042301635 0.0651773256573271 0.10359759866561603 0.0013383424061944754 -0.020292391862998395
0 22 1.3124799550258466 1.5438909961941112 1.5325246533816421 1.3520079611436855 -2.2326023418482075 -2.773148532612127 -2.562126991032034 1.2553456603549245 1.6009960771272687 -3.624255014249089
0 23 0.09873419759596976 0.04305156685587675 0.025303886636639565 0.06709115752311529 -0.011954770679102814 0.06947755192614345 0.033069529545077664 0.051626740823715274 0.013010207354839176 0.06531884050611572
0 24 0.34202103739707546 0.2607436102773039 0.4108806627808385 0.3642222382975403 -0.4288675442329316 -0.6270886476514673 -0.625834400381466 0.3563637494906764 0.4610498808775791 -0.6965941737969161
0 25 0.3995657336058616 0.49168332454596336 0.38675783048786033 0.36662800502712145 -0.6718622944886695 -0.746787015313672 -0.8022175145195852 0.403763504137047 0.3813644763443071 -0.9943518642767238
0 26 0.4250635034447703 0.5939582037525434 0.4843330686003139 0.4172133829085796 -0.6986425559274589 -0.923330321732105 -0.9132999724707026 0.47639752605318547 0.4862039586811725 -1.2138558314309704
0 27 0.14642162335891779 0.2715920173933754 0.27397198653689053 0.3074580895525632 -0.47868093594539435 -0.5566751270910066 -0.38095161072685085 0.1395825985117468 0.2988851963205381 -0.6425297292982641
0 28 0.44642292887064633 0.38565467871051823 0.5117791961739458 0.34285428877200946 -0.6664795323083011 -0.7141961352590198 -0.6899612332518202 0.28955321631486647 0.4750873576766345 -1.0207519587329152
0 29 0.2981762269534387 0.2810448976575407 0.3379811124592196 0.20247806892130102 -0.2778873790424864 -0.462250246258426 -0.3427136771408178 0.21954172292804103 0.21451774355598674 -0.48030001255673954
0 30 0.1954412702931072 0.2939612052781792 0.2539877178126229 0.36415021345745624 -0.46188793923037563 -0.49013978626087745 -0.6439589839636182 0.3231724045376134 0.42321843077660043 -0.7877276156119146
0 31 0.3396205135989327 0.4161892847797884 0.45083436804994353 0.3578094249214111 -0.5309686118860496 -0.5582006423249134 -0.5845925313351391 0.3774419412024955 0.44139248461833297 -0.940666026584699
0 32 0.37691257716652593 0.5169490875552641 0.3724962187699845 0.2911046335357081 -0.6367344380419675 -0.8469667855096705 -0.8223322351856549 0.4319768718703694 0.469853495048406 -1.0384131895244928
0 33 0.1685445237660465 0.31066434310970586 0.3363086779635118 0.18609603340793823 -0.4711501504084796 -0.5230106220021327 -0.394700907223601 0.2992521806350835 0.24835333714629879 -0.6827288659313021
0 34 0.2837854490729546 0.4898572961274532 0.5106445284778529 0.3071093124959568 -0.651135564892367 -0.8094195923356475 -0.7195620422635652 0.42844823083277767 0.5172114867118027 -1.025200756262948
0 35 0.21892178793811481 0.21296174954378894 0.18268182252708717 0.13393449704311972 -0.3980757528076032 -0.396946393211798 -0.3344723963500582 0.21210547607720842 0.30128047648644846 -0.585935743076517
0 36 0.10443516625728679 0.1751875133189002 0.06396333065447948 0.1367883378474025 -0.3102388161963511 -0.3042352769764273 -0.35224504879769436 0.15273608382090048 0.10808987937265752 -0.37993029976270015
0 37 0.12425799563924365 0.2572578068625033 0.1883237254687924 0.09716499729023895 -0.3731128624139286 -0.33666376811100435 -0.32295575312912267 0.1373037501007035 0.21768217180423458 -0.5438942215687979
0 38 0.3604905861197919 0.3490166181810923 0.3116082473840519 0.30363506533476387 -0.4167392884569792 -0.6347600644356559 -0.515764401463436 0.3534961244762093 0.37388863376256576 -0.8941014644581434
0 39 0.3092067898530803 0.36924607343753024 0.3506033428279889 0.301444402685294 -0.35393597075854494 -0.46558659349231984 -0.3854851857788261 0.2767025057479893 0.2521370319876567 -0.6988162469400828
0 40 0.308434704397929 0.4131086370814594 0.31152240026301925 0.2418022219972011 -0.3807179828742521 -0.582808503342676 -0.5571169156383534 0.2289285040831673 0.32929462564072765 -0.6901085864779702
0 41 0.27969247156037924 0.26592572228405786 0.18995597017424207 0.1421291553787985 -0.36702597987374197 -0.47472263373657725 -0.4490359197077597 0.25346050169529694 0.3099360083531054 -0.6098967225040274
0 42 -0.018854457885026932 0.09796927124261856 -0.010338341817259789 -0.006018966436386108 -0.02910231426358223 -0.07063764333724976 0.07484430074691772 0.09221351891756058 -0.034743987023830414 -0.07368170469999313
0 43 -0.06665533035993576 0.03861437365412712 -0.055141203105449677 0.08281548321247101 -0.04188244789838791 0.0932336300611496 0.09293171018362045 0.06746024638414383 -0.010503590106964111 0.0819217711687088
0 44 -0.04847009852528572 -0.04423118382692337 0.09699930995702744 -0.07122860848903656 0.06293231248855591 0.019266093149781227 0.06520063430070877 -0.0565946102142334 0.06706451624631882 0.0726708248257637
0 45 0.08398773521184921 -0.01825864240527153 -0.0939045175909996 0.02985968627035618 0.06838863343000412 0.017834175378084183 0.07327666133642197 -0.059198398143053055 0.016661744564771652 -0.09219784289598465
0 46 0.06345875561237335 -0.03311065584421158 -0.07810674607753754 0.038150303065776825 -0.09114222973585129 0.0906885638833046 -0.028633087873458862 0.07125093042850494 0.06465444713830948 0.04385101795196533
0 47 0.001525753759779036 0.08529423177242279 0.09738463163375854 -0.07622291892766953 0.01938297227025032 0.03508734703063965 0.028452645987272263 -0.09416221082210541 0.0998607948422432 0.014504176564514637
0 48 1.8012673723511197 2.2451835480273687 2.0184067110071258 1.7108522448799408 -3.0797292318836944 -3.789859685588694 -3.6103517323853715 1.6022928716195601 2.325173688885826 -5.115270766273306
0 49 2.6677096301374315 3.4996345314688284 3.198254937167476 2.4847080267432538 -4.706387380166854 -5.643603348020739 -5.395309944523322 2.3312683177010842 3.485264539489746 -7.838377901630798
0 50 4.02099644496043 5.21763421903508 4.938827015135959 4.043531710183633 -7.273745051080938 -8.813278442256717 -8.389040829436992 3.7349140785237713 5.534408632742115 -12.144442291484708
0 51 3.5326779995207134 4.627743578034125 4.297010516976359 3.4967059503225744 -6.369671649833602 -7.825904061330338 -7.281023305840188 3.1397639752196205 4.6637812890771535 -10.584227897157067
0 52 5.279970564711425 7.223179418166083 6.726853440288802 5.301664879526156 -9.80679536299784 -12.135634261088656 -11.365051885958461 4.80871483543433 7.451890587145599 -16.813670545502017
0 53 7.911986449991065 10.857215346700913 10.100331889187387 8.107988341975089 -14.759584185484067 -18.300569279106167 -17.3698660196475 7.428713036338102 11.204781636175705 -25.403530508757374
0 54 2.6541089247978173 3.743402761178903 3.3898587493249015 2.643867777760162 -5.004339441616384 -6.115340097374545 -5.846263435702624 2.4870053682908133 3.8113283191857343 -8.594854408331363
0 55 4.3566166846238445 6.109018514521213 5.6946965684390145 4.587533077193936 -8.31115064884217 -10.330370439386288 -9.963173895204758 4.066903265952131 6.264714196264939 -14.642868301316595
0 56 6.133072558276463 8.670435832873096 7.843058488863437 6.438551989559252 -11.773810664481857 -14.256647969256177 -13.926979157482968 5.809012536630751 9.011649273202744 -20.45655900357993
0 57 0.5697275019803284 0.8447785626103512 0.8896847979675166 0.7034929061384247 -1.2141758047260958 -1.3857600242311554 -1.306979344533865 0.5585848449472413 0.7911296535596639 -1.857122181430595
0 58 1.191559508914515 1.5214052905286597 1.4113769945715346 1.1545796044223653 -2.144745631005495 -2.6237504515568957 -2.4504120014415944 1.108514809917244 1.5409643288425654 -3.644985239051164
0 59 1.1883704711682832 1.6390219385498626 1.5316188628898908 1.216279878055076 -2.2399699676114935 -2.6426651743403515 -2.622063336979495 1.1702226306485661 1.7495466720973332 -3.7155344418134097
0 60 0.5264134173579811 0.7802676379691894 0.6409378773644403 0.5811988124739158 -1.0042555685739913 -1.1594522963841536 -1.065979344272949 0.5052537509137804 0.7257914126179652 -1.5877703356545516
0 61 0.9529529925142798 1.0688213172280832 0.9939766899645889 0.9529445670443507 -1.5943622068973842 -1.9034870495687368 -1.7084929616462663 0.8328005814600816 1.2256552940818672 -2.5647013673045067
0 62 0.9676649838708046 1.4057300532828094 1.336811727787697 1.0387514945146075 -1.82899577204793 -2.2853561970983316 -2.181359662442689 0.9418490847191509 1.2898324119394096 -3.046638269440882
0 63 0.8729500146967227 1.2073275165032802 1.115997573881768 0.9148972474939261 -1.5507504058950183 -1.8675617244314777 -1.782704617925993 0.8312640063445873 1.1488004585148712 -2.679444449871743
0 64 1.3260215696689077 1.7039720837778536 1.7297385306233382 1.303595361755277 -2.406847402748254 -3.0065029303550235 -2.7867281663355747 1.1268245716829772 1.8765805178866146 -4.053208127677051
0 65 1.376234617799447 1.8138319645225118 1.7064059418183561 1.4839573562086112 -2.6386259147225624 -3.1344085425784343 -3.1017762773710595 1.2497503055257155 1.9643806957502068 -4.339575088813698
0 66 0.3300544148650496 0.5401222590550889 0.507667845249221 0.37071865423464423 -0.6350018922398707 -0.9183227538391926 -0.9503609223161225 0.3743244995971226 0.584994352958861 -1.3000978791578655
0 67 0.7196819806031113 1.0928238477924013 1.0012594207564796 0.6475313505207523 -1.3673764625583855 -1.7872008964917443 -1.55600972553671 0.5453413799977788 1.0962386121658287 -2.419656796794617
0 68 0.9304297120968018 1.2333457077699892 1.1771700680907868 0.8529924475861266 -1.566113474656477 -2.0762428748656943 -1.9182711251903313 0.8910588710668262 1.3581708745919305 -3.0154086833685088
0 69 -0.02444865182042122 -0.013384449295699596 0.039710551500320435 -0.025180399417877197 0.04664964601397514 -0.04652651026844978 -0.04319213703274727 0.03155243396759033 -0.016117900609970093 -0.08480837196111679
0 70 0.024295693263411522 -0.00855138897895813 0.0031873404514044523 0.09145336598157883 -0.09252841025590897 0.07187836617231369 -0.07565918564796448 -0.008715540170669556 -0.08895106613636017 -0.0656944140791893
0 71 -0.04605899378657341 -0.06671791523694992 -0.05880405381321907 0.0796542689204216 0.08538556098937988 0.09292326867580414 0.009938240051269531 0.03584911674261093 -0.04434581473469734 0.07194758951663971
0 72 1.0612278534246538 1.3483995054346194 1.286838026844023 1.1033642739819085 -1.7391715655561093 -2.064860798697242 -2.038313760032697 1.0362847204853445 1.3407105938749235 -2.828170761100366
0 73 1.5286264468862223 2.1252483858730455 1.9668470725269243 1.6019706438215326 -2.8745604210424895 -3.4343942965476133 -3.2423867977167413 1.5503645365657879 2.0270720081331683 -4.60387869652201
0 74 2.2383736880888763 2.869404975213225 2.6195237917357233 2.1316980734116098 -3.932755590296094 -4.6903438913417865 -4.576003468573556 2.0693668596448602 2.8593216649381725 -6.432727767450142
0 75 2.148082451221627 2.8248328192876744 2.697707785396477 2.140898543588193 -3.748812252973542 -4.5873356448665055 -4.427170990783074 2.0276905397769274 2.761714315248142 -6.238166722570943
0 76 3.395294283019154 4.521452784836643 4.2204714478730425 3.4500054172535144 -6.175963736953467 -7.573053904814109 -7.123452576059736 3.0454453912289936 4.6946850712677515 -10.475862094078574
0 77 3.8582345190965257 4.887140164064091 4.726526654410638 3.8172369509031876 -6.7639210743773805 -8.389433528102517 -7.9732551492400585 3.4886568535827402 5.1400734981619385 -11.360796843261827
0 78 1.6009016948429822 2.2717236109101986 2.132067878573954 1.7523137346976787 -3.107091291638189 -3.785972013344719 -3.7075123555694582 1.5126639233036003 2.3363708180005194 -5.3941981510041686
0 79 2.951387284917393 4.107633187023489 3.7379142478790275 2.9539704361200028 -5.508065952377808 -6.781468343732737 -6.515493085142745 2.7366158148104875 4.349051971335164 -9.755709714966951
0 80 3.225531539100473 4.400959294477048 3.9166306656071685 3.2412568065083356 -5.868931570672417 -7.070076393253596 -6.954835004227024 2.9954894647079446 4.470969791319535 -10.094639877657098
0 81 0.6257569782057065 0.8598020679255363 0.7520760314117283 0.7336828524322558 -1.2285213016190246 -1.342305474024495 -1.2745690730680854 0.6351596771482446 0.790842090950945 -1.8252254673094903
0 82 1.169516344095037 1.5918595117474832 1.5397691060815717 1.216346584638272 -2.2397446034959256 -2.6414141627731955 -2.5453160144196723 1.040364386450084 1.6292300402842006 -3.454205769143876
0 83 1.2839071097531265 1.656285111150371 1.4684957448830542 1.2568715794579552 -2.1838068867128038 -2.801598008377355 -2.5960036960154467 1.0882782592437996 1.5891277865241087 -3.6212075107181096
0 84 0.5130834979303476 0.6879695549618537 0.5999753340259022 0.47752131615986676 -0.964765114675086 -1.213991172944553 -1.0795883736256136 0.4923832566374956 0.7641817696652851 -1.6440689920436684
0 85 0.9127878848170308 1.1541163424873402 0.9903868065178955 0.8280097708004452 -1.5432555323007173 -1.8369049844931 -1.8580632479202253 0.8874759668160306 1.1952514565202605 -2.505745481834594
0 86 0.9904854902587804 1.315875434174212 1.279286453961083 1.0643954161236326 -1.7220935700206925 -2.0781228369420615 -1.9896747706285396 0.8839478174445478 1.4033050918823307 -2.9955014286694808
0 87 0.7485365582972218 1.129128003136522 1.1062728051640016 0.8667437106545526 -1.4007848453647491 -1.7400763782188573 -1.7577375846866523 0.7356642516792875 1.201177994562272 -2.4151453071818882
0 88 1.2977123962805222 1.640974887996414 1.6423419628786406 1.2155120381033753 -2.317615852613599 -2.899287311276478 -2.6419928306302043 1.1917283767940765 1.702505989527228 -3.915822645793289
0 89 1.4745113518390116 1.841007727513144 1.7046984968980965 1.397690570335078 -2.5755916589116343 -3.1139452581529166 -2.977587973875007 1.3652340251744617 1.8820329615545668 -4.070332264787293
0 90 0.31647342465449807 0.5027712677751814 0.49304787949873463 0.4063077995374168 -0.6083935113737362 -0.7360226454110397 -0.8126985647212754 0.39792279013425735 0.4386163322325631 -1.1835072786539114
0 91 0.6678822518637063 0.9641411970249244 0.8044897062124202 0.6246840388123568 -1.2323904879682526 -1.5930506418877626 -1.5130621617135187 0.4774857664684756 0.8816460408687374 -2.256093756227889
0 92 0.7823327379354559 1.077352094391044 0.9817706006804788 0.7529169653269437 -1.4160312291702317 -1.7760639382660324 -1.7086889040261397 0.6126129163739797 1.1418646500001095 -2.444852392963553
0 93 0.01145924348384142 0.06671617925167084 0.07733245193958282 -0.039068371057510376 -0.07709910720586777 -0.08996307849884033 0.09543150663375854 0.047746580094099045 -0.01550526637583971 0.015192371793091297
0 94 -0.09065694361925125 -0.08768932521343231 -0.027341973036527634 -0.04611244797706604 -0.031614623963832855 0.045216165482997894 0.0074787260964512825 -0.09708607196807861 -0.020458411425352097 -0.07520172744989395
0 95 -0.0740218237042427 -0.031066715717315674 0.012030703015625477 -0.0792815238237381 0.005720102693885565 -0.014561569318175316 -0.008932292461395264 -0.03579065203666687 -0.04709840938448906 -0.06706555932760239
0 96 2.3146494613804576 2.9476296781970266 2.8190568959300215 2.210056287240193 -4.034366385476262 -4.984833904379874 -4.746968942724054 2.0990083048195727 3.104531113512276 -6.866762081867259
0 97 3.9169084169838864 5.3082551620100356 4.849545732221358 3.932894426676418 -7.241394626472537 -8.86032644356491 -8.543642158580608 3.575134093154935 5.521097772422707 -12.388503821850627
0 98 3.4185540020714282 4.740000203659116 4.241260051047736 3.378315898191787 -6.4446889216421965 -7.864097238717482 -7.562781797413891 3.2863543298832103 4.896660763290628 -11.197509695458262
0 99 0.5483384939220106 0.899524704105645 0.8352691026888195 0.6263234132726215 -1.2111025053726785 -1.2893447104846882 -1.2042846508301366 0.5060945028891485 0.7644963227540883 -1.9324746384200346
0 100 0.6999686886088589 0.791895384058682 0.9092879292998249 0.6309812326379401 -1.288804654242298 -1.4671094810115148 -1.3668787480956233 0.5811115926072384 0.9997110622177974 -2.043694595540332
0 101 0.8806324461055237 1.195730476851472 0.9870786278621385 0.9053937282670571 -1.5300004935220897 -2.0387582268430955 -1.8737963377968456 0.7400223000120179 1.1143273930223883 -2.7422590917910346
0 102 0.6062772724205995 0.888555911305651 0.8370848658146575 0.6082456398599206 -1.3351373633648385 -1.6330838569281745 -1.5251982681900913 0.693140808289834 0.9335500075898798 -2.1873871165259313
0 103 0.05700226500630379 -0.00866631232202053 9.176790481433272E-4 -0.09032880514860153 0.03037117049098015 -0.08738957345485687 -0.02134283259510994 -0.037370599806308746 -0.05738404393196106 0.08201897144317627
0 104 1.4964384308055287 1.87538773294082 1.6636542295099253 1.3132967519711007 -2.5576886197514628 -2.9773856985238907 -2.960363733962756 1.3093083016253042 1.8400998907377093 -4.142432585731725
0 105 1.976341606448898 2.657496979668204 2.414159281476776 1.9656521209078828 -3.745804315059357 -4.521009814825603 -4.179388437004867 1.8042321726792456 2.691130769579799 -6.071142218522581
0 106 1.9515688738049568 2.665059313561779 2.3771728197824067 2.095765944244501 -3.7517552976290562 -4.488906328264548 -4.380172871533622 1.9182915703245114 2.780681513818529 -6.376567050618106
0 107 0.5756085957491589 0.7342189994187592 0.7322228242612155 0.6732602707102098 -1.1465463046665225 -1.3514104130087525 -1.255707794879875 0.5508452427501271 0.9219227083553416 -1.7392331493642395
0 108 0.7534116755631816 0.7933314905264337 0.7264539674372431 0.6402356800444933 -1.2529096263763098 -1.439615568133849 -1.4613490694628015 0.5384169624263465 0.9410688698506646 -2.025285144387033
0 109 0.8201414477656251 1.021114198598726 1.0419557304203488 0.8568424603814697 -1.4981565824326366 -1.79895739935222 -1.6684135173319752 0.8578326788573127 1.0528231632410023 -2.6197454746678983
0 110 0.5646391895022398 0.860003201924396 0.769741292914054 0.6373474719218579 -1.11087848380677 -1.5068589508973327 -1.3802962969858967 0.4858652072043515 0.9479725517645818 -1.9483474322000103
0 111 0.03362232446670532 0.09741000086069107 -0.0382208451628685 0.043392717838287354 -0.0422026626765728 -0.0438530333340168 -0.07583756744861603 0.09712620079517365 -0.015011328272521496 0.08086944371461868
0 112 -0.08367291572905995 -0.09786443679596481 -0.001969263386856735 0.0884049594115346 0.08353117431972819 0.0619878689847231 0.0989615624790525 0.011182744491560509 0.00927945245093239 0.07893432420361898 -0.07803061041719803
1 0 0.3358585245243057
1 1 0.4014452300067892
1 2 0.3779619238996894
1 3 0.3195856216402466
1 4 -0.445450573821878
1 5 -0.5170087625166958
1 6 -0.49981054709511297
1 7 0.3101730392941251
1 8 0.4031600395907345
1 9 -0.6644264064637452
