## RankNet
## Epochs = 100
## No. of features = 112
## No. of hidden layers = 1
## Layer 1: 10 neurons
1 2 3 4 5 6 7 8 9 10 11 12 13 14 15 16 17 18 19 20 21 22 23 24 25 26 27 28 29 30 31 32 33 34 35 36 37 38 39 40 41 42 43 44 45 46 47 48 49 50 51 52 53 54 55 56 57 58 59 60 61 62 63 64 65 66 67 68 69 70 71 72 73 74 75 76 77 78 79 80 81 82 83 84 85 86 87 88 89 90 91 92 93 94 95 96 97 98 99 100 101 102 103 104 105 106 107 108 109 110 111 112
1
10
0 0 4.126699173103116 -4.067911921762434 -3.675446262917633 -4.528823752374149 3.266395482859498 -4.657772159306198 -4.064501811300064 3.1291490630930925 -5.068812530047721 -3.7424032893592893
0 1 6.484508803409497 -6.265208418070098 -5.711786799435321 -7.113159913486502 4.9433706479279 -7.492780089838188 -6.410942340162415 4.9205625788722855 -8.183494161509305 -5.637856985882457
0 2 5.076298758155395 -5.089732541104903 -4.614161692111618 -5.672272644574572 3.9886558495186795 -5.900231686503218 -4.989192107886697 3.775308876090244 -6.44669641377673 -4.614859975345539
0 3 1.9811923638528715 -1.9538879846784907 -1.9276236171705814 -2.2743165956305975 1.4732057817232127 -2.282574681844298 -2.1150079193692153 1.5167244668925883 -2.5593258676682047 -1.7579233517787105
0 4 4.727639178893338 -4.659211012553332 -4.474816320864391 -5.180256608474677 3.6832415622230457 -5.4829626709637775 -4.72229244276147 3.5906248783391694 -6.072688912353255 -4.250195456805315
0 5 2.0000361603770163 -1.9299395411392248 -1.75154575573268 -2.1951365746113467 1.5721016137340569 -2.387803481312606 -1.9432766284140248 1.4668686012138938 -2.5337964556651307 -1.7071720964370638
0 6 9.081127572076115 -8.80745282055826 -8.370154775215548 -10.096966320622462 7.167411598034428 -10.618091765341333 -9.052333733825746 6.826807355721215 -11.357731960705003 -8.091146449158067
0 7 14.00523919970547 -13.219740208123277 -12.219910365633888 -15.063529409820692 10.585865493349408 -15.749415303808743 -13.267364041741182 10.281647637345998 -17.14741290687599 -11.815147093583064
0 8 10.755880758546786 -10.176762869931963 -9.611390463227204 -11.604919209413469 8.149267051015267 -12.14163829745478 -10.460776188984427 7.951696303607873 -13.329661126985688 -9.166086573948666
0 9 4.0525202734171035 -3.792260955509698 -3.6483883009822926 -4.4960911874801734 3.1748861182768104 -4.676302057692362 -3.9935725519439087 2.945796024840535 -5.074126950732582 -3.5216597297493566
0 10 9.787394927553663 -9.61331691143573 -8.846228820542377 -10.803340095899827 7.582287467976958 -11.361483512337946 -9.737983580562915 7.192810319353037 -12.178557154728589 -8.53006280615821
0 11 4.219810420414421 -4.01613733839059 -3.6144530180404004 -4.575207364996438 3.227080660076713 -4.673261833181631 -4.016155523633775 3.0905198248542165 -5.013282181228353 -3.4891570770620244
0 12 8.909642308443182 -8.466341200011222 -7.75162122529356 -9.578404643394833 6.667765505956449 -9.963781370412283 -8.462325859525345 6.461253746762949 -11.007131565307539 -7.614983783003278
0 13 15.4358606951354 -14.276570101555718 -13.071077024181108 -16.268605759013433 11.57546257321923 -17.143982242906837 -14.415266951138742 11.21304736644269 -18.809612287874288 -12.713825064575092
0 14 11.415395706112367 -10.722746425082136 -9.854556583051455 -12.172403270151564 8.528786108167113 -12.892536191036212 -10.8593329220699 8.373980655062377 -13.997985145642883 -9.552519329231327
0 15 4.0644946753951885 -3.8047787846041135 -3.426597824147283 -4.392976959420581 3.1381661774197203 -4.63300725638382 -3.7895666907513794 2.9533406856828703 -4.936867613537702 -3.400544116396353
0 16 10.764005496969315 -10.145070602372982 -9.346837234450454 -11.452629837277971 8.124647200324949 -12.089686511972726 -10.24188381408085 7.783570746325339 -13.211432062418845 -9.005407901630337
0 17 4.327363369409121 -3.8332991814125 -3.502917140697279 -4.318137496988278 3.0539018603327204 -4.730954444341619 -3.990780290377259 3.1363298800121666 -5.209192961617332 -3.377429773893489
0 18 2.0797864874208196 -2.0693275979600934 -2.051612280561866 -2.470848278630755 1.806837962069063 -2.4577618538647634 -2.173988123529058 1.5994395647683104 -2.68659459990935 -1.9924107974402685
0 19 4.212055149987297 -4.120798514053009 -3.952195255018865 -4.690088266386069 3.2721666357360504 -5.013692606178239 -4.274657357096032 3.1483871962561256 -5.304983533652734 -3.77570251122326
0 20 2.122801327177211 -2.283180904064691 -2.0700750495393696 -2.437718395268668 1.8256661026960168 -2.5983718748762725 -2.260799507786638 1.6272672314685546 -2.7580794134888036 -2.0824681813873696
0 21 0.11420772574195805 0.03690938098824939 -0.02200782699955929 -0.025587289084621236 -0.04877971502416439 -0.07587882260625188 -0.06992416974923864 -0.023338864345250124 -0.03645292209617904 -0.08511714629213792
0 22 2.3028351619174074 -2.2715745582166402 -2.184638592699738 -2.6306743026184343 1.8437854804389628 -2.5600268917341262 -2.2696031801218193 1.7350740293008977 -2.89521034563697 -2.0443810668767455
0 23 -0.012018730908390916 -0.06837010755607141 -0.002333414730162039 -0.08795358756214176 -0.053029359093938126 0.05907452258208859 -0.01693023659411989 0.03502438965946529 -0.034093496980063344 0.07567990538598514
0 24 1.199503766475145 -1.1658861364185678 -1.0893436848023286 -1.2744226503044824 0.8633653006572583 -1.3724755021125536 -1.2104146255728065 0.825795213089799 -1.4548614817670835 -1.1342225555903684
0 25 1.2271870300533239 -1.3714148982576615 -1.3400662072115077 -1.5552789312101774 1.0885653752943474 -1.682304561936871 -1.4157820731568609 0.9896932230968096 -1.7851572372453073 -1.3834919618255828
0 26 1.7014683206542844 -1.812240813586086 -1.5517377120414024 -1.8253754152021129 1.4116820883936183 -1.960803520612916 -1.813309320345936 1.3366518715456082 -2.0982372938042197 -1.6665890792651257
0 27 0.9453685796105791 -1.0511454584900293 -0.9505099876707562 -1.2519770553957827 0.9245864299031646 -1.29440261800808 -1.1853630511479054 0.8633254982303555 -1.3705622413433114 -1.023090507164862
0 28 1.3114009249247585 -1.5698544133822123 -1.4289345417679642 -1.6928464338010565 1.1859504267299301 -1.7686565394188412 -1.40246348671797 0.9855148801967026 -1.7848351100971203 -1.3394393023201363
0 29 0.8345795161908828 -0.986823184554711 -0.890324606526259 -1.028462609362982 0.6480317743109762 -1.037241882137298 -0.9701226466214589 0.7353186549159365 -1.2284230007918084 -0.9120946272688398
0 30 1.1531285294609346 -1.2454215284046608 -1.2429737897332565 -1.4419481280193156 1.030684817232917 -1.4669462742859898 -1.2593260661694745 0.9050531168763825 -1.457292330837596 -1.2060734372117825
0 31 1.225309443467223 -1.2904955779404699 -1.0561624190892829 -1.4273841903845788 0.9060779211136577 -1.457541811089796 -1.291306084280435 0.8686613381865986 -1.5072139081674174 -1.1983443763214445
0 32 1.6049862392851646 -1.6715674241174208 -1.6040493411228685 -1.7414263041679026 1.2189652113438998 -1.8753677813414968 -1.7211667506436992 1.1085050523241489 -1.9365798012053161 -1.5115306855795745
0 33 1.1107641405482829 -1.1945306247698646 -1.1044105841928227 -1.2355811467640532 0.8633059173204528 -1.3284520342334947 -1.027182891653048 0.7033978624459429 -1.3532816803066703 -1.038244312528533
0 34 1.4785325097890518 -1.524642965308995 -1.4134095817182577 -1.674579553912028 1.0689881212521544 -1.7531467846149846 -1.5451715937374473 1.1113414168192421 -1.875751354251489 -1.4464555031241002
0 35 0.9542019502139057 -1.0164174960088985 -0.8875257239148492 -0.9528016717366381 0.7232422192437737 -1.083624612786946 -0.998103349857463 0.6213068417349434 -1.2394068098041522 -0.9199550708458502
0 36 0.6671957440007458 -0.5857739613622258 -0.5423528471922776 -0.644508740851051 0.5142628140257688 -0.8366738357485509 -0.6318633389736908 0.4693033658782642 -0.760255036449091 -0.5482668186785783
0 37 0.8147503291514735 -0.6632927029169849 -0.789582794706782 -0.7935478969234497 0.6393091850491032 -0.8784185877343519 -0.6821486808705349 0.6081876494128671 -0.9528662028251361 -0.7361355881678127
0 38 1.0916764781960062 -1.1853738551875703 -1.237456200354976 -1.2993629012033905 0.8799617458277069 -1.492944100162333 -1.2567119579084327 0.9069695558293647 -1.4358915459301784 -1.0729292006187647
0 39 1.0125453341189141 -1.0584713220604622 -1.1127003925370678 -1.2686594678688121 0.7191859086102576 -1.3121375594834426 -1.1124084847887798 0.6989897923582965 -1.2224209198691065 -0.9268864310754502
0 40 0.954113472640798 -0.9412104754624464 -1.0093178298765237 -1.084663914817923 0.8799206793095166 -1.2254478079269027 -1.0559849183297876 0.8362132352565907 -1.1682328181053887 -0.8452608747225026
0 41 0.9680619772698954 -1.006546620631801 -0.8455275276463355 -0.9400990698320226 0.695738430120503 -1.1047669426217428 -1.0269960297610568 0.6548991266943762 -1.0441171618337417 -0.950180135686173
0 42 5.716085433959961E-5 -0.05794721096754074 0.04522819072008133 0.02623767778277397 0.046365439891815186 0.047631096094846725 -0.01977762021124363 0.07362614572048187 0.018883924931287766 -0.003256851341575384
0 43 -0.02128979004919529 -0.09989713877439499 0.008886325173079967 0.025683056563138962 -0.08328353613615036 0.09963761270046234 -0.08320393413305283 0.08982262015342712 0.06812617182731628 0.021030526608228683
0 44 0.050449438393116 -0.09979645907878876 -0.0702846422791481 0.09904737770557404 -0.03776475042104721 -0.09076616913080215 -0.01916486583650112 -0.09094862639904022 -0.018354862928390503 -0.0752515122294426
0 45 -0.03395918011665344 0.013509338721632957 -0.03641701489686966 -0.04824240878224373 0.06583214551210403 -0.03695333003997803 0.06054748222231865 0.0850440040230751 -0.07381005585193634 0.09927096217870712
0 46 0.05930580943822861 -0.08854733407497406 0.019899731501936913 0.06641178578138351 0.0333387553691864 -0.06849709153175354 0.03624706342816353 -0.0787847563624382 0.05731432884931564 -0.0643315538764
0 47 0.01255643367767334 -0.09256528317928314 -0.08188853412866592 0.055299244821071625 0.07552672922611237 0.04549957439303398 -0.02102525904774666 0.036810148507356644 -0.08372022211551666 0.051213234663009644
0 48 7.082673662517276 -7.040406775428142 -6.550763196373077 -7.7416354982106625 5.399059926142777 -8.139357800327689 -7.084806811988019 5.233593725413262 -8.892460784966204 -6.444424549652808
0 49 10.70641340071409 -10.19253576526577 -9.537110298741094 -11.41788866130336 8.202971247457747 -12.095088914530724 -10.220504542651787 7.785520808233958 -13.197902128317912 -9.198317477641577
0 50 15.725475747718406 -15.031076568244718 -13.961877847272323 -16.869686932710554 12.011875904364551 -17.780141217534943 -15.345278605529613 11.673585912805644 -19.316213766465744 -13.75483858036201
0 51 14.908764117567541 -14.041036488281023 -13.026807359202092 -16.073990345136973 11.299982726627782 -16.693972539462226 -14.149002174861822 10.794297105272522 -18.288676639830136 -12.630722390590345
0 52 22.591837577674234 -20.96652279539408 -19.408547786016953 -24.197091178994356 17.02568361971434 -25.158849848384623 -21.19207774872215 16.50391345532755 -27.489152845347522 -18.537663172856057
0 53 30.08941525039707 -27.412840404544372 -25.37387115173805 -31.70667510221312 22.568194905258732 -33.23035200477772 -27.826432021675835 21.79411974899045 -36.34485444175612 -24.130841561080665
0 54 11.271355690687491 -10.275632065299227 -9.581848336285901 -11.732068281925692 8.29067333493848 -12.415344834683772 -10.583839615231298 8.21100233393687 -13.521707990275502 -9.308712048696364
0 55 18.00075320003816 -16.11687408831282 -14.731232173277952 -18.53512267410237 13.213460923537982 -19.683454320060314 -16.46833543379403 12.86649379598846 -21.538935061205503 -14.335531566743533
0 56 23.433536768821032 -21.08658686413951 -19.433438931995063 -24.290521863571573 17.175675102133468 -25.662786112524408 -21.609453196345804 16.908380468152437 -28.105564265106267 -18.79141249954468
0 57 2.165772486043892 -2.1257319128953025 -1.9658643792116093 -2.3511854722390426 1.6500443304558077 -2.5803494452744413 -2.1683151024509475 1.5769980695583785 -2.811689341492216 -1.9817991068594238
0 58 4.3498338717370775 -4.210058332249312 -3.8526599369273584 -4.845065193130053 3.3247616886041764 -4.972707536009267 -4.175821432921398 3.100123303724728 -5.474555462332682 -3.7591434580108567
0 59 2.1545847514950474 -2.2759717762958167 -2.1180218074091646 -2.4891268351433187 1.7706241292169251 -2.718155496157658 -2.2393660770627912 1.7026327431690682 -2.8142546640488506 -2.096674527511781
0 60 2.442385028384626 -2.4024350920983712 -2.2408558644234926 -2.6729815255320037 1.7940914932456105 -2.8074628802236172 -2.4676752921650893 1.7552117886322522 -3.097663618587899 -2.2031684138166945
0 61 3.425239156675917 -3.419500190886649 -3.1719001386416767 -3.853730366894527 2.733383721222943 -4.07418125207261 -3.4363506310522465 2.6466874294368266 -4.395112838383371 -3.091299198680961
0 62 4.009768383688254 -4.123459015932588 -3.9122670957988803 -4.562742988302089 3.2788218932100417 -4.817540277420466 -4.218663465908933 3.032909200279018 -5.252703705253263 -3.7198988389185095
0 63 3.5885770690579943 -3.316949128472063 -3.0903823080246062 -3.860886875917068 2.760033135755902 -3.993965780165823 -3.377396818314232 2.6002765401642454 -4.395382035340131 -3.1030292792110505
0 64 5.3872527739316425 -5.0343882762854815 -4.628443179303928 -5.89012811987867 4.027324354749457 -6.173379085052056 -5.23382008900345 3.862408903290311 -6.603546791774009 -4.467774774464019
0 65 5.60785963358793 -5.427856581728857 -4.959179757697212 -6.0425970731887375 4.335496561149469 -6.356886493321602 -5.507856653479368 4.137598052392298 -6.9402138554775465 -4.730571910329073
0 66 1.8479872452790305 -1.6994815901227833 -1.533038872420222 -1.9166747611685286 1.292483819771973 -2.0551877142659274 -1.7866337060717723 1.4447724844496859 -2.2014734565761307 -1.445636909669381
0 67 3.3897219334644557 -2.7683628230218673 -2.5684188736025018 -3.3241874818948416 2.395515532360955 -3.608491992496358 -2.9082122727830373 2.308945944384541 -3.907816745945093 -2.481056622447529
0 68 4.264222528739915 -4.0640618747399735 -3.708574120782593 -4.516678331041235 3.1768541281339204 -4.859023262318033 -4.032001107737902 3.1109064195645773 -5.307506200977324 -3.633690145152365
0 69 -0.08603554219007492 0.02773824892938137 -0.009508395567536354 -0.025805938988924026 -0.08607134222984314 0.02743356302380562 0.04026569798588753 0.04008441045880318 -0.015479427762329578 -0.08723293244838715
0 70 -0.035570740699768066 -0.010813546366989613 0.06731127202510834 -0.017313051968812943 0.027798747643828392 -0.07673491537570953 0.07937170565128326 -0.07422446459531784 -4.0926336077973247E-4 -0.004369890782982111
0 71 -0.07162563502788544 -0.018650328740477562 0.033546529710292816 -0.08181805908679962 0.0378163680434227 0.046868860721588135 0.07043009996414185 0.01842660829424858 -0.08307089656591415 0.07766111195087433
0 72 4.36191802631026 -4.441949537010712 -4.017343855435331 -4.760524987670473 3.4341234179049764 -4.981371298922747 -4.403217319164279 3.3380018674837344 -5.552617865860845 -3.984691579842414
0 73 6.6163253102369906 -6.514425568527549 -6.134181591022971 -7.339965343773828 5.2134066169065845 -7.629499168787624 -6.656140220491854 4.982567171007077 -8.236489496412435 -5.946611518458301
0 74 8.669245307028891 -8.657148174342971 -8.13833893869039 -9.59662790410244 6.869247872435595 -10.125378383979726 -8.712080348658947 6.5898369332207185 -11.09264196185008 -7.848618975472506
0 75 9.125118448150475 -8.767805754240362 -8.231001867890635 -10.047215336942237 7.00961505555156 -10.425835442056702 -8.917751968591054 6.76574685606096 -11.327006555700173 -7.922309560924327
0 76 13.89006639775726 -13.303822847828133 -12.41423458029426 -15.186294232889772 10.700426993201868 -15.869571604998047 -13.497750969336007 10.304675493480325 -17.382070642208014 -11.958462259475029
0 77 13.334259456771786 -12.92010072414996 -12.035947689594142 -14.680664474399912 10.458282469809939 -15.277386531217541 -13.130790178770678 9.86373700659615 -16.71773738477212 -11.584534249715134
0 78 6.821076176571446 -6.381036120600609 -5.983989120543081 -7.369457138169871 5.146599242465963 -7.82335602536994 -6.480081816352397 5.0180529607650275 -8.45891775446074 -5.711173055458847
0 79 11.93108528107367 -10.855791544299345 -10.034330919396089 -12.47734842763322 8.904173879229594 -13.223010813063318 -11.149552277811177 8.58309333559701 -14.352481355430807 -9.637140658292054
0 80 11.32149678418721 -10.625369783951781 -9.780885149211391 -12.02976398580826 8.578656494127419 -12.775943338265842 -10.785124551160697 8.331649376875331 -13.955165730120239 -9.442315262372182
0 81 2.177171183315836 -2.159213705907771 -2.075093977405967 -2.4520677314365718 1.7248711865995803 -2.5850416905492235 -2.2366358108003 1.5560382228829825 -2.7544057742275445 -1.9818365758292458
0 82 4.236120413556649 -4.217391259214629 -4.034611839734112 -4.726294183982884 3.4213643855295808 -5.066485565093472 -4.294204522001847 3.1395569543971655 -5.399828897522998 -3.834585014062231
0 83 2.154657597773271 -2.346193183671247 -2.0281536200141694 -2.52574017647975 1.7366238057904373 -2.6236122159470314 -2.3179767656886945 1.6842206562837387 -2.7952064847461013 -2.1577023469836463
0 84 2.4649969407245513 -2.3978847477876712 -2.327641549694519 -2.66717620635688 1.9115780502375448 -2.8783612701330346 -2.517584334359573 1.783382649936059 -3.0648193675661553 -2.145387621811336
0 85 3.449583429587465 -3.421711176755818 -3.311802626038871 -3.869299558786226 2.640888243930258 -4.094636649738112 -3.543602383220186 2.5671894960490684 -4.396351798428528 -3.1462534220157496
0 86 3.8769146965076793 -4.064975468009173 -3.775469050519608 -4.534393705001856 3.078612293309057 -4.64668076746807 -3.986607442705345 3.0370921267190987 -4.980078082356382 -3.6697529916065443
0 87 3.5580158241741002 -3.4110098018555965 -3.182839043874453 -3.7442920090973693 2.67945687322248 -4.053982940986601 -3.369512072114038 2.4686579680519665 -4.297975916915642 -2.9848578497898264
0 88 5.219723138186724 -4.908505045716343 -4.560792292376456 -5.6330964612288215 3.985630315604067 -5.865337352910058 -5.003500781304891 3.864680037916927 -6.373258379590655 -4.529051742355868
0 89 5.405140243631264 -5.133906849470772 -4.868791258283806 -5.821096374304733 4.202289862724053 -6.193404817454959 -5.283308876048855 3.9439734901364054 -6.72267658372361 -4.665883054680792
0 90 1.53767966079073 -1.4163768542921462 -1.284965498076377 -1.6671609992860243 1.0735860617475468 -1.8177860192132052 -1.5351495481737105 1.1458566056424346 -1.990576211323406 -1.2725163124796914
0 91 2.84838192640572 -2.3825671058972873 -2.1674133354024536 -2.6997184582360423 1.945488826159916 -2.917463393006005 -2.399866441573096 1.95641856734146 -3.281181503224658 -2.0508010698039616
0 92 3.461978884619157 -3.185436571954148 -2.7828613698743805 -3.4475535613879615 2.5484666526278588 -3.7576779289039877 -3.2194098746560376 2.56143715220474 -4.213262499758094 -2.7103210175168884
0 93 -0.09802277386188507 0.07888355106115341 0.0026539445389062166 0.08558372408151627 -0.08008812367916107 0.013808483257889748 0.008113217540085316 0.09396658837795258 -0.013859736733138561 -0.05205236002802849
0 94 0.09103134274482727 -0.029550904408097267 -0.008718615397810936 0.0321521982550621 0.03047901950776577 -0.047163210809230804 -0.09780939668416977 -0.026425611227750778 -0.020516682416200638 -0.062348585575819016
0 95 -0.003217726945877075 0.007417482323944569 -0.06924299150705338 -0.08436854928731918 0.0941164493560791 0.07631950080394745 -0.05563303083181381 -0.05876860022544861 -0.04801558703184128 -0.06283829361200333
0 96 8.90483066580937 -8.656593880497198 -7.942803171903796 -9.674033319790075 6.756695609589698 -10.273207965667256 -8.841372925044622 6.64571505651362 -11.087941432987414 -7.937721326006362
0 97 15.277508216046751 -13.882299335923337 -12.869235675381235 -15.919241133280355 11.378007400190556 -16.750301207732456 -14.121309402213122 10.998513279678292 -18.25618106196812 -12.28279805909899
0 98 13.665035166080301 -12.232783919059901 -11.213713247782875 -14.023762409133132 10.025952776697597 -15.009662766213598 -12.604502918006228 9.761748709550053 -16.49179472804434 -11.030710651888683
0 99 1.1017633741701265 -1.22949607396392 -1.0532624659997971 -1.330446507182636 0.9913732847090758 -1.245187435187022 -1.162246261522475 0.868206755873563 -1.4495626248598126 -1.118195237433554
0 100 2.726769288783062 -2.733197570943398 -2.628092569875641 -3.129061284224408 2.084198748947467 -3.14833226511316 -2.724176860394465 2.123242049531977 -3.532601208740818 -2.629657211112633
0 101 3.458116967806719 -3.420697730525836 -3.1864446501949306 -3.8452734867486975 2.679133857022446 -4.004759469247112 -3.4165416796920183 2.6297661638545518 -4.407967674870057 -3.023504033921448
0 102 3.3695522080479905 -3.0576906402270945 -2.7819046342353486 -3.4032424381023247 2.4163557380602794 -3.6428638868283016 -3.1668024155326324 2.445134169672313 -4.035373577445931 -2.768105703705678
0 103 -0.07180622220039368 0.0026526986621320248 0.06841534376144409 0.009263729676604271 -0.05578221008181572 -0.05122761055827141 0.025825928896665573 0.06126176565885544 -0.024183010682463646 0.09015743434429169
0 104 5.604392498286211 -5.441432302576682 -5.081770134868815 -6.19688487929133 4.248796530822587 -6.459763170892395 -5.524522160020269 4.160269064212717 -6.8953701456059715 -5.133305373191821
0 105 7.418913990922302 -7.259093097758918 -6.637954085294535 -8.11697042484084 5.771329572594996 -8.469471382540743 -7.35015997754455 5.5605002023166445 -9.275893734428973 -6.442462231667979
0 106 7.350086715898518 -6.633820303159744 -6.187865791354992 -7.5174999658909485 5.401879518791655 -8.166132051688908 -6.8448107834999075 5.235134423481662 -8.90700833254379 -6.090940557732759
0 107 1.1150325068572235 -1.238693130141109 -1.1494082949117295 -1.2763404253241075 0.934188767164436 -1.3133364653228918 -1.1477540642942705 0.8530969610820465 -1.446029149157718 -1.0155087618234004
0 108 2.734297725872853 -2.661031730440495 -2.580693274690523 -3.1301923869187647 2.0671313714694386 -3.253472583206065 -2.7379023407200425 2.1000349611305924 -3.578567616318085 -2.5223181550789717
0 109 3.38486218241211 -3.2738678643312333 -2.950896756441618 -3.762753164337572 2.6459671824470794 -3.9577324915425973 -3.303296890614785 2.474651620381073 -4.216445461645305 -3.034083185657425
0 110 2.799734274622122 -2.6043835511367313 -2.242804884195563 -2.9394018146578293 1.9570408334768155 -3.1591091840413363 -2.589280639838512 1.9870751614650561 -3.327855292815748 -2.2023073220180063
0 111 -0.015565586276352406 0.017127489671111107 0.061589907854795456 -0.02776293084025383 0.0936119556427002 -0.053270500153303146 -0.00991138257086277 0.031044185161590576 -0.01904897764325142 0.0448371097445488
0 112 0.0015555001004820322 0.023067071322253545 -0.019524324438321576 -0.06801806245630976 -0.04739170988838591 0.017190050135438086 0.0016392298317334942 0.07503192779899298 0.08867365048971214 0.09094027634645957 -0.06547169522686992
1 0 0.6388581622661542
1 1 -0.5633164412886822
1 2 -0.5356016700788746
1 3 -0.6074966040417239
1 4 0.5306842172800149
1 5 -0.6330933593224761
1 6 -0.565976293689762
1 7 0.5014637307273181
1 8 -0.6776251097050616
1 9 -0.5328305589200691
