## LambdaRank
## Epochs = 100
## No. of features = 112
## No. of hidden layers = 1
## Layer 1: 10 neurons
1 2 3 4 5 6 7 8 9 10 11 12 13 14 15 16 17 18 19 20 21 22 23 24 25 26 27 28 29 30 31 32 33 34 35 36 37 38 39 40 41 42 43 44 45 46 47 48 49 50 51 52 53 54 55 56 57 58 59 60 61 62 63 64 65 66 67 68 69 70 71 72 73 74 75 76 77 78 79 80 81 82 83 84 85 86 87 88 89 90 91 92 93 94 95 96 97 98 99 100 101 102 103 104 105 106 107 108 109 110 111 112
1
10
0 0 -0.05834730511488932 0.0757554842990638 0.06398449970427883 -0.0912773565057468 -0.0498961373328492 -0.07702176003957541 -0.053605119152588976 0.09146399308902124 0.08815967329249477 -0.050314269418493436
0 1 0.10086009313360737 -0.04807384721769239 0.01337925614977863 0.06748327918591117 -0.0910431580817895 -0.07211292041976838 0.06986547454421112 0.049657059289595386 -0.0813865115789009 0.026042180079570414
0 2 0.03545808024284271 0.09105291210172965 -0.03971378527260864 -0.057811582055761146 0.06239523987347954 0.009517231460261524 -0.041549998564064175 9.846105002160434E-4 -0.091277782008415 0.06805933050853652
0 3 -0.07971552367507927 -0.08013375844883021 -0.03349774595095555 -0.024384612677298422 -0.022231753018449846 -0.010928431746400043 -0.013137023738503643 -0.03044279165120622 -0.01488180540140808 0.09482546496395315
0 4 -0.03808271857741623 0.014204096122078786 0.06993817177455892 0.04878798064115255 0.06590778267662302 0.026691260315613745 0.0711275338273459 -0.03981392477178539 -0.03429767622075948 0.075349557802537
0 5 -0.045859458357282466 -0.022386826280325508 0.09259961801406222 0.09851601956138767 -0.04064228964558715 0.06310028022783488 0.033401603129227214 -0.08131033358854485 0.07277924769109452 0.06310396649545254
0 6 0.0926310839529678 0.0456814814240974 0.05138656214123821 -0.04869355745860645 0.09390366803152564 0.028733512434601302 0.06733195133926856 0.03748822136657063 -0.011743948908657759 0.0941764726819798
0 7 0.06028785532076189 -0.01518647146464098 -0.06796211304660145 -0.06839577709027138 -0.0645403590735632 0.06624617208368558 0.1200473147434998 0.0836969938144899 0.04285852755334427 -0.009602527752418972
0 8 -0.07659721678383948 -0.00638382241677144 -0.09143576346951598 -0.09699287127583074 0.07934108540484013 0.10280079753723956 -0.08662959658175674 -0.09614229714611233 -0.04651095807306927 -0.08262137122530502
0 9 -0.0807042421544964 -0.006847498036032284 -0.029391079831845773 -0.017741105927414937 0.007939892252877537 -0.035652984141893454 0.08325120868206584 0.0012725070458597734 -0.038200813093216414 -0.060406604071975886
0 10 0.07053331209852517 -0.08871176087922052 0.040612587932729136 -0.07213060502243512 0.029099483529584674 0.034136642436364065 -0.035382780366272126 -0.10887238516321665 -0.09854455191312246 0.0035590079996693923
0 11 -0.042575357940405546 0.04006262459625522 -0.00224967718546963 -0.03403013077964606 0.008321924890573016 -0.06377470283691439 0.06735705404618507 0.05983012706462083 -0.0737956056515151 0.08571342544333774
0 12 -0.08009148210683448 0.0683025336183757 0.07359334128501707 -0.035249069734990014 -0.06365712209673421 -0.03818732357806504 -0.06013622470399719 0.04517329459130053 0.054187437992395594 0.04595877328149164
0 13 0.01027307176886831 -0.051334472689206656 -0.04725124614997962 -0.0773364589853087 -0.07802191621330691 -0.09213489584443862 0.08582516341702111 0.09422128817031336 0.08587738992672543 -0.06475538075331759
0 14 -0.10188761663068517 -0.03278002152523241 0.022060108561135775 0.0766008286534809 -0.06404698898382355 -0.016396584800340078 -0.049355152790868766 -0.11215248117526803 0.0023163925312063268 -0.03660062626430515
0 15 -0.06342733351305452 0.07434546449385444 -0.05912263176896501 0.03022140316185537 0.06476652489673507 -0.061193108937482046 0.05138252577341345 0.017914988240342204 0.008614216728827792 0.030116058205775773
0 16 -0.010031639419180631 0.047555387055168166 -0.05815748843148614 0.04826299931605771 -0.0877350557982935 0.0018074709580661005 0.07768875304729084 0.017584281136641306 -0.06593768694408654 0.04024845162211345
0 17 -0.07824719286115664 0.002094105574440183 0.03089226034530015 -8.839476401212487E-4 -0.09101577769986825 0.00924812492799525 -0.0036926900572362147 0.0329304090704407 0.059492883355020836 0.0763100310538483
0 18 0.024598514925307957 -0.021781761679361005 0.09339399467117016 0.0751520755175775 0.004195817470268701 0.05536427328165931 0.01357679702017272 0.012738373123849962 0.08745441728358888 0.05478554782868653
0 19 0.035387137630589184 0.0976471892422156 0.07127938366347204 -0.06320526170199502 0.01637400370964373 0.05285262131152526 -0.002721259347708417 -0.046956191889465676 -0.06433172714541022 0.020451691029975336
0 20 0.017132736671361268 0.05599584189928295 -0.022045662583212767 0.06950649007263884 0.08371388577635627 -0.04428323965321215 0.09362922758335113 0.02433958978223184 -0.08462984504666511 -0.07917396670337824
0 21 0.038459167373290436 -0.03290995247355761 1.2924155184798736E-4 -0.04257268019931204 -0.0759708915654772 -0.09514125252093006 -0.06180984326443732 -0.002012677985078785 -0.028730613422665974 -0.030835995427544862
0 22 -0.005715972002012115 -0.09000776735111823 0.06408728074869333 -0.03321253437312506 0.042063463461552784 -0.04004015566199024 -0.09480385146337125 0.041483094461400784 -0.02185919637526622 0.04419548066135791
0 23 -0.013757093231094737 -0.06946837651992137 -0.0379797912726806 0.014884335026475171 0.08353181671688492 0.0690759250973991 -0.04772444458938727 -0.008037284171666222 -0.007209319956006747 -0.04548849737780332
0 24 0.09461857708487538 -0.05536359970802922 0.06153116777304586 -0.005810178954721023 -0.05607910419500506 0.0821605640675717 0.012391609424661056 0.028579218284589626 0.09034427703637013 0.08325416962653608
0 25 0.0607473385505825 -0.06481837805699008 -0.008486316969030063 -0.058546868662227296 -0.03579162203927005 -0.025574556341516064 0.09712019004390292 0.03952911121146934 0.01717951059108549 0.04160126032334459
0 26 -0.07372411191627298 0.08097116847229117 0.08053818389145456 0.09698601670765931 0.0642659923597993 0.09134621450892097 0.052883237499225716 -0.048215869107440336 0.006607925607032378 -0.054621211594620515
0 27 0.020657893930385637 0.048502738430626274 0.09163739509048778 0.013146015562927079 0.048549769893551836 0.0473292483665576 0.10095211666495961 0.05816527732487023 0.007066802783046722 0.05796649764251502
0 28 -0.06269163559641625 0.029950756000986577 0.04475660383495634 -0.06856450168875593 0.07915619668903623 0.03370661820281043 -0.04630125935107726 -0.09656827008732388 0.026820879581638167 0.09358583240194232
0 29 0.08041763141203317 0.09429151734526571 -0.003908994303605887 -0.024189114671606126 0.003155369608831163 -0.0826724392740084 -0.04830808739616007 0.06276918546585092 0.08019915798585439 0.05129018811197478
0 30 -0.08671036612835169 0.06125453891350821 -0.03344845025665023 0.019570176694127868 -0.0070466804155153275 -0.036611260232477356 -0.007987926857191423 0.05287609785344028 0.03530237736914655 0.026664120518060164
0 31 -0.04608944917500001 0.04517309604508185 0.04142263805397684 0.07849638235801418 0.07118969060268934 -0.04387145138010593 0.0670205489717723 0.025421242384207537 0.04214747414474621 -0.06840605113379422
0 32 0.09743922585616555 -0.06813965953959115 -0.012434962578256941 0.027114677660110234 0.02350118615871591 0.030601582963106905 -0.07786560206006331 0.014127664928395484 -0.09295918703777731 -0.09655508906210494
0 33 -0.05604622924772247 0.09624638111120531 0.0010833008554231905 -0.10021486739976529 0.008042018942351058 -0.044107802641818294 -0.01440260840408262 0.09235532712694353 -0.025292697591312238 -0.07402244388312375
0 34 -0.05421412980551393 0.06818390189005842 0.06904209058578403 -0.05817698781965689 -0.02570359721334983 -0.023593860575576126 0.0606518129641754 0.05767606499456592 0.08941842629848173 0.03637691464604918
0 35 -0.05375579184529577 -0.01944129035895456 -0.006778334713111589 0.054285875178622295 -0.050123405357419805 -0.013100636198882807 0.08084448134124614 0.027121845966560084 0.06126490074033225 -0.07322309025295855
0 36 -0.04573005023653711 -0.005767543250351322 -0.004320750961676125 0.0010288701525921972 -0.061451101727409516 0.05079564053524588 -0.07869692672598134 0.04228545131724324 0.04383366155535223 0.035553075200718535
0 37 -0.049710447207617 0.03324120640216581 -0.013021117466951122 0.017175153977332377 -0.0699113133845724 -0.10114949079826796 -0.05112582579646461 -0.03477236848914693 0.06160681769958616 -0.06564575960603941
0 38 0.01816129090543192 -0.058417268414232 0.06654430103445319 -0.0030825008676640783 3.2859866849919143E-4 0.017263858988573078 0.0684573102315485 -0.030364985065933527 -0.08839623880717126 -0.07035925354872306
0 39 0.07058524493901598 -0.062381092930148534 0.09820968025298793 -0.009987300793818255 0.09884258300095933 0.0239004704269179 -0.04983853453274358 -0.04688761013800475 0.075060214318795 0.04401618381825116
0 40 -0.06303291211317108 -0.02946824367709127 -0.040964757022175786 0.0836997843348419 0.06824783791946784 -0.09361185178990246 -0.033868282119702095 -0.021604053597296172 -0.03078383177367245 0.07038841818961555
0 41 -0.010691980610049952 -0.06487341379180969 -0.030606657258350527 0.06348806595761029 -0.01970962534705357 -0.0877449414513268 -0.09505355744844614 0.020051525698209765 -0.019284877923561136 -0.09331696213316779
0 42 -0.029588883742690086 0.0836578831076622 0.05206180736422539 0.023971587419509888 0.027248572558164597 -0.009970021434128284 0.02359524928033352 0.020272601395845413 0.014542448334395885 0.03598810359835625
0 43 0.06446847319602966 0.09228906035423279 0.04843556880950928 0.07464086264371872 -0.011194342747330666 -0.04736971855163574 0.09352744370698929 -8.470118045806885E-4 0.005747509188950062 0.07409117370843887
0 44 0.0731659084558487 -0.0388578400015831 0.08234082162380219 -0.07018430531024933 -0.012181079015135765 -0.016815656796097755 -0.08437307178974152 0.07697255909442902 0.03352247551083565 0.07358966767787933
0 45 8.332669967785478E-4 0.06558863073587418 -0.04461800307035446 0.07414238154888153 0.03654448315501213 0.005490356590598822 -0.05093331262469292 0.013996034860610962 0.03385274484753609 0.03417527675628662
0 46 -0.0639953762292862 -0.07080980390310287 0.04471432417631149 -0.03849729895591736 0.029054224491119385 -0.09164516627788544 0.011607241816818714 -0.05261779949069023 -0.08359194546937943 -0.088188037276268
0 47 -0.05329058691859245 -0.07537751644849777 0.07204817980527878 -0.04901278018951416 -0.06715793162584305 0.010754239745438099 0.08441662788391113 -0.06791459769010544 0.0537785105407238 0.039075493812561035
0 48 -0.05424750655463357 -0.028613974569601325 -0.042686130380109266 0.031361455797510505 -0.07388864278833071 0.09250791782268993 -0.03093277788922225 -0.04147123038206283 -0.00813967827835819 -0.07261911755352303
0 49 0.06520964639316704 -0.01234439719248304 0.014523783332168548 0.026717319057606447 0.02661818315887778 -0.006079613407560367 0.09441358276927994 -7.788522801637962E-4 0.03800954131766473 -0.015291682863068241
0 50 0.002406712173632259 0.013315280643889203 -0.08636578119373887 -0.01582331498047111 0.1000432017803791 -0.049022934880885626 0.08666484453248641 -0.07156240458124183 -0.05807450740928625 -0.08079644303437578
0 51 0.05137913516024852 -0.057410040716438196 -0.013499831114225362 -0.07973935172590897 -0.022929393815330757 0.08055249389362713 0.09412283874371974 -0.040392879466005116 0.06634590218808477 0.09816495776220456
0 52 0.10561042449051372 0.03356636400203038 -0.044284223615620164 -0.06970117995967114 0.03393850283030191 0.02701339180470622 0.1296137339752687 0.0746547113154809 0.09466547111337212 -0.11534801528206799
0 53 0.028752664749958568 -0.003876587579489648 0.05961031622237933 0.04836114240366742 -0.08566633938541911 -0.07874950742699274 -0.02256884028190785 0.0034210805023103027 -0.058026411903168915 -0.09891546203988272
0 54 0.0764831616899556 -0.0959871882779238 -0.07012042739869455 -0.01285759623429933 0.08362610755917425 0.08523107847977865 0.015347602306379403 -0.1070088196269092 -0.0366057756085242 -0.02775540976864145
0 55 0.08876336478019231 -0.04213317938770027 0.022425265743968054 -0.015704729745393886 0.02709676884822831 0.05294176117166762 -0.03317131267373684 0.008415917033690623 -0.09406545676695136 0.07604690298456028
0 56 -0.0031412294717233966 0.04337470669052558 0.0994121284661906 0.024548619439179083 -0.054293019764541046 -0.055128939253561236 0.023212647701212275 -0.1701725017394953 -0.004934079064769044 0.05654210593336897
0 57 -0.05526462729687358 0.06723988753223477 0.08454567025310222 0.08549699060956892 0.04220778420910822 0.09312500411450013 -0.026494750011232505 -0.03206699901000151 0.06418457769876146 -0.014789530956721655
0 58 0.036741247126467404 0.07562623087820575 -0.08288395458048929 0.06192850602208526 0.08640308362374009 0.08871277236402407 0.026817658473195137 0.09794862649635404 -0.03903521042892757 0.008038767641788035
0 59 -0.06236945286057294 -0.06738670783363664 -0.05999528984856323 0.08450490369501815 0.0980168845575605 -0.05452548201928767 -0.05362220331553647 -0.018443426556717237 -0.04544385167327827 -0.004566634466335376
0 60 -0.09323564708085044 0.03188403634228399 0.04754120484590945 -0.08984820827441226 -0.07416707076888965 0.07967450531143745 0.01724603840902827 0.01115377536343456 0.0713037969848177 -0.022713789980212812
0 61 -0.044632360560588114 0.06582205516752408 -0.03127741848594775 -0.01929242132909361 0.030454002602073753 0.029730286921711025 0.06467454257584035 -0.018835074190512214 0.043871798613669716 -0.005602536320933152
0 62 -0.09130429960818054 -0.05222857274553935 -0.02505062381742044 -0.07980981120230386 0.07459611580064882 -0.0801501326553606 -0.028858009022778828 -0.06957940275727743 0.04241849760778773 -0.047534943775035275
0 63 -0.0471517948964558 0.0655366714317159 -0.01782451963357678 -0.033607516376957844 -0.08930968118664076 0.08021966166062207 0.07778154128283957 0.10333719011369871 -0.06852769754309501 0.05212382999583935
0 64 0.10312650599911616 -0.06769634357374286 -0.0161407206683716 -0.056756243183013685 -0.059964268422740406 -0.02356320306086987 0.072234799537764 0.037474167623289555 -0.03222411974645523 0.003483601369704895
0 65 -0.006656269251573961 -0.014392369255381123 0.06822216237319954 -0.058793741788390974 0.09193027277018927 0.04305358552910725 -0.014348996616742517 0.10466921980740414 0.03502004301864825 -0.0013810315408876702
0 66 0.08193086790168663 -0.061370261956218225 -0.07919574151465134 -0.06388461291451263 0.07303454661214895 -0.03173527140128789 0.08506642191090967 0.032043116947838284 -0.02819451962247059 -0.06926832430551703
0 67 0.07972987301414092 0.010901779660131644 0.09860187884840758 0.04555540875394157 0.026956884760339653 0.08158124089453035 -0.053342515692417096 -0.06635116312284059 0.06318690666716635 0.042596654066948625
0 68 0.07718700505539454 -0.019078156970824888 0.06543306666944443 0.00958236826393933 0.09616131958972515 -0.059940085226883405 0.04507108025812377 -0.0568118550413707 -0.06258813001873158 -0.09611400380478369
0 69 0.09896117448806763 0.00869246106594801 0.061610568314790726 0.005955451633781195 -0.0236837025731802 0.0848437175154686 -0.014208555221557617 -0.08912065625190735 -0.0750904530286789 -0.03613751009106636
0 70 0.08165546506643295 -0.04374779015779495 -0.03420449420809746 -0.010076075792312622 0.09094058722257614 -0.012194091454148293 0.023093700408935547 0.07047319412231445 0.08207030594348907 -0.01855603978037834
0 71 0.0760972648859024 -0.08477498590946198 -0.03677027300000191 -0.028757119551301003 0.0923801138997078 0.05027471110224724 -0.059659622609615326 -0.04856666922569275 -0.07501839101314545 -0.025874990969896317
0 72 0.04551805171204495 -0.0028297693138148138 0.020037867541289844 0.02859251236916926 0.03166476288016005 -0.03877564253575126 0.07136070590093367 0.07489860248302233 -0.03085728638965676 -0.06528392011543446
0 73 -0.09678072753976363 0.039428817426236065 0.0024661618036855367 0.08359040736405554 0.05601215414785749 0.08898238369634177 -0.015775053985886398 -0.01705093825078436 -0.0014351491234917183 0.017237016176463563
0 74 -0.03415034536252259 -0.05638614874859737 -0.07764133897888148 0.03176641637801068 0.07315290514636728 -0.058171446267822356 -0.03753498335789533 -0.033489022816756676 -0.05909769269158063 0.04497762090637279
0 75 0.009120836659083871 -3.929850204484293E-5 -0.08918628736478819 -0.002182971974278833 0.048698814023236364 0.04997943864974009 0.07283452293060784 0.09900778796350734 -0.08440383004551476 0.009800843715726357
0 76 -0.07201597881458195 -0.04355505416839404 0.005205153919597854 -0.03770963566972841 -0.05480887939463282 -0.10654855972587386 0.03104595244718242 -0.036742754882100916 0.06679682625960981 -0.031007096960937477
0 77 -0.059095824685094216 0.09616478288381532 0.0930116350329885 0.06423208513750328 0.007668138774111272 0.05547017990726175 -0.04352891963061393 -0.04060923122253886 -0.01817797731295694 -0.08498426016858875
0 78 0.0363987660372493 0.06455251538311654 -0.028962643930011817 0.07909891506772482 0.0963996560622006 0.04853190261993531 0.041816974984956214 0.09389267386860627 -0.017661815074938896 -0.019478364524860462
0 79 -0.09004161297644202 -0.09639311470953765 -0.05417578185286973 0.06360180502641342 0.006362413121472865 -0.025819801605894005 -0.01237750573187109 -0.07703431582832233 0.04982439822365933 0.02094915584627437
0 80 0.01427322568267333 -0.07929932336190024 0.09761202482900387 -0.02675320370004706 0.03277832054196747 -0.03843957842242938 -0.009156395240430975 -0.07746958999934281 -0.059466811534505185 0.07617285611531034
0 81 0.07890854243519684 0.08466818880701123 -0.004191930695544904 -0.08042428768833224 0.028270383555161253 0.024416968019590677 0.09410979486679584 0.030948752530671603 2.2242500535505787E-4 -0.036264253729569616
0 82 -0.002425662283222872 -0.04076977159327314 0.07028850859814535 -0.032088560039411476 -0.08496553021540938 0.04916267656741515 0.0065566087369001765 -0.011944936707139054 0.05771544757654843 -0.08699772690383752
0 83 -0.04435330089495774 -0.07274585989281288 -0.033635249616320126 0.03211605061082369 -0.014009522291870698 -0.05850503386347492 0.06633977182907488 -0.07442865007354481 0.07979003210817995 -0.017569443194303334
0 84 0.07387185305504815 -0.0742302282353374 0.07758608833552512 -1.0907630035107365E-4 -0.027443308241776713 0.008297851923289358 -0.06988883229150834 -0.061914390322547905 0.0049672664912427614 0.03124351214309637
0 85 0.08000007249623878 -0.06403127538505389 -0.0457830358064834 -0.056608026537377815 0.08442473439690217 -0.035560488228344185 0.08357403922058788 0.09048585880873526 0.017948357449480482 0.06788196489840609
0 86 -0.011894029895728858 -0.0766142977298839 -2.739991985221644E-4 0.03895258868833101 -0.006865641573599582 -0.09756960368199395 -0.0043585952046761595 0.09431750627334698 0.08988533752534734 -0.08976146015196122
0 87 0.031719457323796586 -0.014985101239221733 0.09330125992947778 0.012713715177427415 0.05351327770565951 -0.034137131534674306 -0.053723308994705746 0.04065697775992596 -0.0226339154517565 0.07034805831841114
0 88 -0.0023476554608983236 0.01496304645920905 0.045475876623036045 -0.04197625344756435 -0.10300667272207954 0.06899273348963766 0.08574373077810485 -0.0017220241844382042 0.029888824509262286 0.03571769330156921
0 89 0.04679139787820775 5.977985348606333E-4 -0.0396900676918963 -0.10086268953071045 0.07686434218757633 0.09024650992149594 -0.0099193659882354 0.04942687297651444 0.061664668257950576 -0.05839948523299961
0 90 -0.09132957905653405 -0.07219606388670752 -0.010169600830184287 0.09245643183615289 -0.07281830306486589 0.0458501196953025 -0.07586756378584913 0.03346178517548631 -0.02542074678298293 -0.0337429439896595
0 91 0.04412647407419561 0.08176890486343216 -0.0017838514865509835 0.034304554780333146 0.061756567810703655 0.08450561875769895 -0.01805805668144769 -0.046224428437794306 0.07651445238147522 -0.02112247726716942
0 92 -0.007026015462075854 0.0699208859050434 -0.04804746964963189 0.06496009023705894 0.08808895388182907 -0.05033017532475871 -0.021617625213034775 -0.009427198200673854 0.07212729003387737 -0.037673943721272175
0 93 0.08372389525175095 0.05180215835571289 -0.056009240448474884 0.09497305750846863 0.027088146656751633 -0.022510230541229248 0.08625685423612595 -0.0248246006667614 0.07360371202230453 0.09155799448490143
0 94 0.09664657711982727 -0.054071955382823944 -0.052778441458940506 0.016069168224930763 -0.009301548823714256 0.01696162298321724 0.08800895512104034 0.023579800501465797 -0.06296107918024063 0.04597315937280655
0 95 -0.09590120613574982 -0.07013808935880661 0.06781766563653946 -0.08134191483259201 -0.08321540802717209 0.06716886162757874 0.017989665269851685 0.07943831384181976 -0.09624781459569931 -0.05274035781621933
0 96 -0.0348620160412319 0.01865849685243023 -0.025336630545940438 -0.06666421196313264 -0.002873286754886256 0.061221055938492246 -0.08150447966568405 0.06554876852127385 0.1006937263729316 -0.008760562728175202
0 97 0.02073262765750563 0.011648039915491853 0.09495942988531131 -0.008288603463160479 -0.01242519105847668 0.09205660555791301 0.05440201127111616 -0.08951246959916015 0.09683740686595724 0.009144764705806782
0 98 -0.0017564770835097456 0.05167830594823676 -0.08178418776551041 -0.0242091108728673 -0.05788297122381649 0.09084854855713784 -0.09797063513750236 0.04518441128937412 -0.02057633121442752 0.06542134084347351
0 99 0.02147555097664891 -0.05294247127209394 0.009052770422537115 -0.03879520344271687 0.011219760221218263 0.017984153317790446 0.027913128573934083 0.0850045094257098 -0.0865214829566999 0.03395997076634779
0 100 -0.032246489428844435 0.08881244335862998 -0.025552451069425806 0.021015418797796826 -0.04718671976577772 0.0702120795747689 -0.0077575607397321585 0.08045894998142698 0.041740161483709924 -0.008143071289934842
0 101 0.061114621627133894 -0.010414969572668398 -0.06602960238751743 0.007754263756314408 -0.04728020442030297 -0.0071779723148797095 0.06951101263498492 -0.025165431506448732 0.005529450574482381 0.0647283755323805
0 102 -0.016743329103982286 0.04212176260849234 -0.05818142979702016 -0.017783468634606562 -0.03717735215433821 -0.00870903450886888 0.08669801465033358 0.054293210081178364 0.08881298172452229 0.06303145661835537
0 103 -0.040581993758678436 0.04319475218653679 -0.09196217358112335 0.07221619784832001 0.06187734007835388 -0.028193671256303787 0.021138984709978104 0.05143660306930542 -0.014940803870558739 -0.019079238176345825
0 104 0.0865372908877687 0.0290498133320891 -0.08354258209444343 0.08544618452814466 -0.006713134987489176 0.009997395584546534 -0.06563791957199273 0.08455549519340078 -0.07978212367830827 0.09495659558446858
0 105 0.0929413216250935 0.03633204125150045 0.03647372708734678 -0.09013763600145219 -0.049016975482014793 0.03311387728675391 -0.03719428978456917 0.007573423696585312 0.061060849638232544 0.06221883995269386
0 106 -0.04331352805875825 -0.07439522015457183 0.03206006481024939 -0.012864348973350684 -0.0749871808036205 -0.050622443028148126 -0.015058866427664082 -0.06925541001885724 -0.05145756392556107 -0.018231711792225037
0 107 0.08958535519515262 -0.088636978841323 0.05180388186881827 0.0099002303777749 0.062376270099792165 -0.020648787547178277 0.0953997017431215 0.0385637451676999 -0.08806036271831184 -0.06231991236664754
0 108 -0.0010066565208680853 0.07363115013961398 0.017331844029736507 0.0075359860074963175 0.015862938411197354 0.06170883962834304 0.08485314598371378 -0.06364692734538055 0.06101354162575285 -0.036667620568210074
0 109 -0.05243565609489865 -0.09391687182222207 -0.07723620623504937 -0.03633774224656742 0.060754457358122994 -0.04718499741906045 0.06430298690180976 -0.022031510415009472 0.03927911938171712 -0.08744719801638265
0 110 -0.09970154223988403 -0.02868482463360004 0.09873885149266906 -0.05759948352599451 -0.0030617418901092556 -0.03763550504551595 -0.05233932762524859 -0.07330383691504075 -0.05366446625977331 0.013732470665941604
0 111 0.05462731048464775 -0.04097281023859978 -0.07543833553791046 -0.09604097902774811 -0.019673055037856102 0.03680131584405899 -0.07760181277990341 -0.035518474876880646 -0.08786603808403015 -0.092575304210186
0 112 0.0743035807550688 0.08604371554767955 0.04863533066537641 0.015644782099189517 -0.08884592768014667 0.06169770723381033 -0.0074288914400612 -0.04161941375498258 0.08492084966634644 -0.029912362091745387 -0.06471396237611701
1 0 0.031468253582719756
1 1 0.01735445857048099
1 2 -0.014581399969755675
1 3 -0.021841084584593776
1 4 -0.03765244409442327
1 5 -0.048023611307145934
1 6 0.07046823203563739
1 7 0.0938859879970613
1 8 0.05815563723444874
1 9 -0.03884212300181774
