## ListNet
## Epochs = 1500
## No. of features = 40
1 2 3 4 5 6 7 8 9 10 11 12 13 14 15 16 17 18 19 20 21 22 23 24 25 26 27 28 29 30 31 32 33 34 35 36 37 38 39 40
0
0 0 0.20064960312277777
0 1 0.1934411261449214
0 2 0.015577895316654282
0 3 0.19786462775842134
0 4 0.32589222223489694
0 5 0.10982324366042531
0 6 0.22529417972334556
0 7 0.4076138948041656
0 8 0.18089532477868772
0 9 0.020237605954127956
0 10 0.13928291600990103
0 11 0.03971772049878384
0 12 2.477307624987678E-4
0 13 0.09394638703763693
0 14 0.05975225737756471
0 15 -0.02879771351518773
0 16 0.04432477962100774
0 17 -0.05229960006984128
0 18 0.07168295110386176
0 19 -0.030900414268643258
0 20 0.0651820571401025
0 21 -0.047507744282484055
0 22 0.09626252949237823
0 23 0.0964013859629631
0 24 0.05695864351903233
0 25 0.09271741097576065
0 26 0.08003130977442934
0 27 0.2762731274720829
0 28 0.3929990332404742
0 29 0.16844715080723388
0 30 0.17821400792833247
0 31 0.2766308466015077
0 32 0.14503848585962387
0 33 0.044208824569897984
0 34 0.04670339849638673
0 35 -0.024170447463648537
0 36 0.06841542894461841
0 37 0.08981968318499114
0 38 0.05012743799083691
0 39 0.0586669035255909
0 40 0.02167561650276184
