## RankNet
## Epochs = 100
## No. of features = 40
## No. of hidden layers = 1
## Layer 1: 10 neurons
1 2 3 4 5 6 7 8 9 10 11 12 13 14 15 16 17 18 19 20 21 22 23 24 25 26 27 28 29 30 31 32 33 34 35 36 37 38 39 40
1
10
0 0 -2.965016810417573 -2.601261869066665 2.1317667090202965 2.017234704937243 -2.7654753622318817 1.8587908998800213 -2.8406375390209044 -2.8465375809555673 -2.985511664682949 -2.901236266779395
0 1 -4.809498000282744 -4.324848558984949 3.451132248122058 3.2027042295397314 -4.485785512502402 3.266703715835639 -4.902550340237468 -4.812265962467551 -5.0821242203634185 -4.780830729519684
0 2 -1.4936990456443937 -1.3759373251391847 1.069294594408819 1.0323141396147104 -1.4479688822327896 0.9886500200168923 -1.5650110347803334 -1.5693581457441133 -1.687591821375139 -1.500045614867798
0 3 -6.825623979041546 -6.132994171457948 4.864854617943412 4.526671251436646 -6.216821395738527 4.662464042672913 -6.780652339982675 -6.873726840473593 -7.102550108773252 -6.693260465839147
0 4 -10.784571911646653 -9.744043031508161 7.910130659925934 7.196654543682432 -9.755194610967177 7.200334470247234 -10.81739647929695 -10.707715427452579 -11.06574900814958 -10.682242755925365
0 5 -3.2840833055368686 -2.8998305543673872 2.3977863500933974 2.1866364904603763 -2.9463517846439404 2.2371488343729453 -3.3033344961779916 -3.294701655484168 -3.2717225932101295 -3.2886261565748343
0 6 -6.595474500406343 -5.676815656970515 4.867081272528562 4.242111148420549 -5.7587948706832135 4.290351747564724 -6.479764391112742 -6.4021851557616705 -6.723470243957617 -6.31075612519026
0 7 -11.999286374875268 -10.719023685168832 8.941880051867992 8.071101895632 -10.775155010239423 8.079244443367006 -12.051129792812903 -11.75306260909088 -12.407569952758955 -11.823193869950755
0 8 -3.17813990691362 -2.796968000696692 2.283357490979664 2.0358734863276267 -2.78775306861826 2.125510151091266 -3.2126591639437345 -3.010608834474941 -3.216675909710754 -2.9693509964346996
0 9 -2.0130565737306574 -1.9089289085051235 1.5727430672235125 1.4291286156983851 -2.092259645796994 1.496165675036783 -2.0755831835608483 -2.1267765889423753 -2.2137933316899336 -2.1503859469737234
0 10 -3.9124060796829223 -3.6274363808337506 2.8224324262131573 2.665436146639426 -3.64310361509533 2.5836200250574235 -3.8266418424371764 -3.856325696837177 -4.025457913511573 -3.915589605704898
0 11 0.0018211027930746975 -0.10460972773077948 -0.03996809981090282 -0.04378423554353259 -0.11704773840538865 -0.055769212034611756 -0.013969772862376051 -0.006436935398907556 -0.1173712062034114 -0.03739322233872073
0 12 -0.886691992733887 -0.8687967998376437 0.5935153301873123 0.6850618964733678 -0.9179826570838521 0.5926678086555073 -0.9582666748598236 -0.9621768862174365 -1.0632443771854334 -1.0552380670409245
0 13 -1.2034374671075505 -1.1821631365403547 0.8327655420631892 0.7426367459053123 -1.110859945408166 0.7760594211924112 -1.284930941611887 -1.1927259230314928 -1.2338501297863307 -1.180404176559234
0 14 -0.6854591568260786 -0.566987506314707 0.45085237684725654 0.37302708586758054 -0.6833268862616546 0.4919318820505439 -0.6077424270093195 -0.5908807397780969 -0.7469381788013724 -0.6907803806351196
0 15 -0.8948540606824347 -0.9532851316158909 0.561464236534444 0.611967574833188 -0.8610371304570441 0.629384318626527 -1.0222676586587491 -1.0012688565680956 -1.0837218837945044 -0.9379326808548022
0 16 -1.0084313843296715 -1.0484223353867441 0.8120262760730943 0.7602542583585006 -0.9914249908538911 0.7202760270977202 -1.0305077187412923 -1.0294326365170972 -1.1407570669382594 -1.1543526603716565
0 17 -0.6914559936656296 -0.6683784272998227 0.3746163974326083 0.4178398073240395 -0.574505996495093 0.4630847863431044 -0.7410372254550351 -0.5945840965762365 -0.6875312553128053 -0.733774332069983
0 18 -0.41511511712050003 -0.45036278701542176 0.362339516105321 0.1868194302157249 -0.33381176117076944 0.27450765556386136 -0.44266270795400264 -0.46242275228110685 -0.33650723164500673 -0.3394270058260269
0 19 -0.6116371398295967 -0.49319876108501154 0.5088560753915694 0.36052890650550223 -0.5832781238355245 0.39907609103539515 -0.6016411678494638 -0.704132512556056 -0.531510291965719 -0.5558631149405918
0 20 -0.6152430047731947 -0.6252904933910763 0.45737410570243214 0.4983750159722166 -0.6234694178043032 0.40892839971122813 -0.7681845746650792 -0.6902598327673365 -0.7835037185317132 -0.6488601242208194
0 21 -0.05742378905415535 0.08727913349866867 -0.08057520538568497 -0.08401458710432053 -0.04557681083679199 0.08540244400501251 0.00442271213978529 0.007255971431732178 -0.09517673403024673 -0.09913168102502823
0 22 0.07980714738368988 0.07833857834339142 -0.050291191786527634 0.024830400943756104 0.08512052148580551 -0.06642527878284454 0.07511118054389954 0.08260874450206757 0.07066047936677933 -0.03604946658015251
0 23 0.03044215962290764 0.05906829237937927 0.01744813285768032 -0.0906379446387291 -0.006039095111191273 -0.07385414093732834 -0.04233940318226814 -0.08782242238521576 -0.06929861009120941 -0.03797388821840286
0 24 -3.2934497369649876 -3.064956588603731 2.354107457108321 2.078804889944508 -3.1565071301078267 2.092366161912815 -3.2246725491408896 -3.2650397706935386 -3.274840716207445 -3.2690252422369652
0 25 -4.901505613515815 -4.654650945643314 3.5072625244312587 3.3332032120451798 -4.73104358493863 3.3533372274957554 -5.114844565492406 -5.0055773832676485 -5.22349853062434 -4.952540129479458
0 26 -3.5254496152780015 -3.223585341800335 2.4237939516891633 2.425879593252861 -3.3453993652125877 2.329665596855095 -3.5344152913196547 -3.5173712708202935 -3.6231081558522122 -3.598864290504686
0 27 -6.7739583336907305 -6.245118194313846 4.871577063571431 4.579142928532079 -6.324707701294549 4.664629900619535 -6.841109240199226 -6.948188300330573 -7.062675664928316 -6.750346725692274
0 28 -10.953486689853273 -9.84563180706262 7.906465240564104 7.300856346808326 -9.933112385043692 7.273701059679803 -10.99609226086391 -10.909207359641563 -11.169349641241308 -10.754293170132597
0 29 -4.871698528115773 -4.4935770709496765 3.553082237946461 3.2564388852211894 -4.596016270116587 3.2699746638461247 -5.015999856678724 -4.976011946381759 -5.205753115569183 -5.058239886087321
0 30 -5.4867123467425705 -4.941184224066207 4.0741723272803485 3.689498013692845 -5.025849247310494 3.5861720909319357 -5.558014372143306 -5.331516130125329 -5.711099957614999 -5.437424030332954
0 31 -9.525699120221 -8.512416650232419 6.990711828750948 6.274767097292087 -8.629918140084476 6.361926787850045 -9.672140849394287 -9.323686466605741 -9.8998665645928 -9.38110856277963
0 32 -2.96518578870652 -2.604790574324779 2.225658397824511 1.996377006891542 -2.5935846481956504 2.0258391101881252 -3.014962323262385 -2.873123660104352 -3.1062662894457076 -2.8580464711805385
0 33 -2.0678146344542 -1.9233719856521314 1.5331578493899936 1.475056546321678 -1.9609341587495654 1.4015883718805282 -2.0638392841260425 -2.2205941843348374 -2.2682796473873665 -2.1530264103855314
0 34 -3.8111964643257 -3.576253563166028 2.7567824436713577 2.548032337658248 -3.555957824637606 2.6599290086101597 -3.8870520209364727 -3.9448926669173185 -3.880119020574867 -3.90626885114705
0 35 -0.05130700931444038 -0.05225172626021365 0.07039369606154693 -0.05612927389792916 -0.09251721588007814 -0.01854104870286493 -0.06660405862528189 0.02795649994519257 0.04800783373980684 -0.015245007126792878
0 36 -1.905371329480518 -1.8367493024275439 1.4868735465364495 1.3494527341933376 -1.9396206187032736 1.259148522283245 -2.1291689921369197 -2.0815296279681146 -2.093029997070442 -1.9661115713134953
0 37 -2.3521637695065736 -2.1848940939111574 1.6528180298122876 1.632013205948146 -2.2464735569862064 1.682080410486863 -2.4899386203721625 -2.3817642832828856 -2.514707728341273 -2.3737582387065794
0 38 -1.9304218321178184 -1.596440802453583 1.3398578627265638 1.278027065624081 -1.5981531543900682 1.2089285095238207 -1.776013232903653 -1.8216446781420703 -1.9785177178459856 -1.7192967137119897
0 39 0.05808468908071518 0.08478204160928726 -0.09445778280496597 0.028107916936278343 -0.0915575623512268 -0.026693779975175858 0.06017528846859932 0.06778281182050705 -0.07443206757307053 0.08429791033267975
0 40 -0.05067690193829566 -0.043424780116843725 0.007595983017741868 -0.018531157107138103 0.09566284108240722 -0.02064358024507051 -0.017239668925129088 0.04011648865344747 0.07370171162044725 0.11359157563416593 -0.21551074118338698
1 0 -0.8993480875485524
1 1 -0.8650140603742035
1 2 0.7724806343842976
1 3 0.7451052266198358
1 4 -0.8918677880521253
1 5 0.7517227643615015
1 6 -0.9153960391970899
1 7 -0.9294681787732532
1 8 -0.9428225133530121
1 9 -0.9358347009833144
